model,target,step,train_loss,validation_loss,validation_score,validation_nmae,validation_ficr,training_objective_loss,activity_train_loss,activity_validation_loss,boundary_consistency_train_loss,boundary_consistency_validation_loss
realmlp,all,1,0.9693436894346686,0.12890282273292542,0.5393477082252502,0.18099935352802277,0.25969478487968445,1.096181125325315,0.8455829874557608,0.5501994490623474,0.0,
realmlp,kpx_group_1,1,1.026564689243541,0.13724175095558167,0.5198399424552917,0.17759495973587036,0.21727484464645386,,,,,
realmlp,kpx_group_2,1,0.9121111543739543,0.118696428835392,0.565265417098999,0.18722927570343018,0.3177601397037506,,,,,
realmlp,kpx_group_3,1,0.9693551940076491,0.13077029585838318,0.53293776512146,0.17817385494709015,0.2440493106842041,,,,,
realmlp,all,2,0.3871856704354286,0.09922367334365845,0.5797950625419617,0.15794627368450165,0.31753650307655334,0.4662347479778178,0.5269937865874347,0.4281168282032013,0.0,
realmlp,kpx_group_1,2,0.4223700468154514,0.09227817505598068,0.5725972056388855,0.15036317706108093,0.29555758833885193,,,,,
realmlp,kpx_group_2,2,0.350534099208958,0.08850762248039246,0.629925012588501,0.1600797027349472,0.4199296832084656,,,,,
realmlp,kpx_group_3,2,0.38865287163678336,0.11688520759344101,0.5368632078170776,0.16339589655399323,0.23712225258350372,,,,,
realmlp,all,3,0.20292828823713696,0.09341051429510117,0.5864335894584656,0.15382100641727448,0.32668814063072205,0.25837796203353824,0.3696644801427336,0.42776310443878174,0.0,
realmlp,kpx_group_1,3,0.21389388490249128,0.08906178921461105,0.5746736526489258,0.14117512106895447,0.29052242636680603,,,,,
realmlp,kpx_group_2,3,0.18098886179573395,0.0860438197851181,0.6420326828956604,0.15760284662246704,0.44166818261146545,,,,,
realmlp,kpx_group_3,3,0.21390211494529948,0.10512593388557434,0.5425943732261658,0.16268500685691833,0.24787376821041107,,,,,
realmlp,all,4,0.1575799100100994,0.09379252046346664,0.5860199332237244,0.14843623340129852,0.32047608494758606,0.20628918641630342,0.32472850469981923,0.4200266897678375,0.0,
realmlp,kpx_group_1,4,0.1618766011122395,0.08915212750434875,0.5697542428970337,0.13618502020835876,0.27569347620010376,,,,,
realmlp,kpx_group_2,4,0.13964903014985955,0.08608172833919525,0.6386808156967163,0.15807411074638367,0.43543577194213867,,,,,
realmlp,kpx_group_3,4,0.17121409953517072,0.10614368319511414,0.5496247410774231,0.15104953944683075,0.2502990663051605,,,,,
realmlp,all,5,0.13422003169270122,0.08608731627464294,0.6148721575737,0.14622817933559418,0.3759724795818329,0.18098635270315058,0.31177546960466046,0.4079674780368805,0.0,
realmlp,kpx_group_1,5,0.13630681780769544,0.07438726723194122,0.631496012210846,0.13042540848255157,0.3934174180030823,,,,,
realmlp,kpx_group_2,5,0.11774546795469873,0.08534324169158936,0.6550987958908081,0.15663056075572968,0.46682822704315186,,,,,
realmlp,kpx_group_3,5,0.1486078055904192,0.09853141754865646,0.558021605014801,0.1516285389661789,0.2676717936992645,,,,,
realmlp,all,6,0.11915371906669701,0.08706355839967728,0.6103922724723816,0.14328305423259735,0.3640676438808441,0.164156494771733,0.30001850470023994,0.3974163830280304,0.0,
realmlp,kpx_group_1,6,0.1190561430857462,0.07574799656867981,0.6132827997207642,0.12656788527965546,0.3531334698200226,,,,,
realmlp,kpx_group_2,6,0.10450092790757909,0.08822128176689148,0.652397871017456,0.16055774688720703,0.46535351872444153,,,,,
realmlp,kpx_group_3,6,0.13390408730243936,0.09722140431404114,0.5654960870742798,0.14272350072860718,0.2737157344818115,,,,,
realmlp,all,7,0.10906849505708498,0.08541545271873474,0.6206908822059631,0.1466788500547409,0.388060599565506,0.15295021937173955,0.2925448229207712,0.40590381622314453,0.0,
realmlp,kpx_group_1,7,0.10809161152471514,0.0734705924987793,0.6325830221176147,0.12944737076759338,0.3946133852005005,,,,,
realmlp,kpx_group_2,7,0.09577326684751931,0.08832493424415588,0.6612421274185181,0.1609862744808197,0.4834705889225006,,,,,
realmlp,kpx_group_3,7,0.12334060745642465,0.09445083141326904,0.5682474374771118,0.14960287511348724,0.28609782457351685,,,,,
realmlp,all,8,0.10186737074571497,0.0846317782998085,0.619400680065155,0.14449284970760345,0.3832941949367523,0.14450792201301632,0.2842703189919977,0.36707010865211487,0.0,
realmlp,kpx_group_1,8,0.10012831144473132,0.0730900764465332,0.630656361579895,0.12673375010490417,0.3880464732646942,,,,,
realmlp,kpx_group_2,8,0.08931788583012189,0.08713038265705109,0.6594348549842834,0.15927013754844666,0.47813984751701355,,,,,
realmlp,kpx_group_3,8,0.1161559161675327,0.09367485344409943,0.5681108236312866,0.14747466146945953,0.2836962640285492,,,,,
realmlp,all,9,0.09560302228612058,0.0838707759976387,0.6184786558151245,0.14208191633224487,0.3790391981601715,0.13732531184659286,0.2781485919566715,0.38016262650489807,0.0,
realmlp,kpx_group_1,9,0.09333122127196368,0.07367324829101562,0.625463604927063,0.12789621949195862,0.3788233995437622,,,,,
realmlp,kpx_group_2,9,0.08376427937079878,0.08501118421554565,0.6631580591201782,0.15601037442684174,0.48232656717300415,,,,,
realmlp,kpx_group_3,9,0.10971356895478333,0.09292788058519363,0.5668143033981323,0.14233919978141785,0.2759677767753601,,,,,
realmlp,all,10,0.09058776968980536,0.08488724380731583,0.6290706992149353,0.1449621319770813,0.40310344099998474,0.1311548616298858,0.2704472618506235,0.3736080229282379,0.0,
realmlp,kpx_group_1,10,0.08836790743996115,0.0710020437836647,0.657015860080719,0.12755750119686127,0.44158923625946045,,,,,
realmlp,kpx_group_2,10,0.08044193641227834,0.08767767995595932,0.6597205996513367,0.1601279377937317,0.47956913709640503,,,,,
realmlp,kpx_group_3,10,0.10295347058597733,0.09598200023174286,0.5704755187034607,0.14720095694065094,0.28815197944641113,,,,,
realmlp,all,11,0.08718126990339335,0.0833057090640068,0.6219775080680847,0.14160434901714325,0.3855593204498291,0.12671205149415662,0.26353853721829024,0.3706153929233551,0.0,
realmlp,kpx_group_1,11,0.08492263779044151,0.07253791391849518,0.636501669883728,0.12709839642047882,0.40010175108909607,,,,,
realmlp,kpx_group_2,11,0.07763635432895492,0.084056556224823,0.6616203188896179,0.15486107766628265,0.4781017601490021,,,,,
realmlp,kpx_group_3,11,0.09898481748121626,0.09332262724637985,0.5678104162216187,0.14285355806350708,0.2784744203090668,,,,,
realmlp,all,12,0.08415123940828968,0.08431228250265121,0.6213069558143616,0.14300678670406342,0.38562068343162537,0.12296594525961314,0.25876469603356195,0.3634216785430908,0.0,
realmlp,kpx_group_1,12,0.08253757162567447,0.07259058952331543,0.638547420501709,0.12672081589698792,0.40381568670272827,,,,,
realmlp,kpx_group_2,12,0.07538130276781671,0.08619058132171631,0.6581820249557495,0.15718930959701538,0.473553329706192,,,,,
realmlp,kpx_group_3,12,0.09453484196873273,0.0941556990146637,0.5671913623809814,0.14511020481586456,0.27949288487434387,,,,,
realmlp,all,13,0.08242694989723318,0.08422833681106567,0.618223249912262,0.1422378569841385,0.3786844313144684,0.12086871836115332,0.25627844846423936,0.3631819784641266,0.0,
realmlp,kpx_group_1,13,0.08083199019379475,0.07345326244831085,0.625930905342102,0.12674878537654877,0.37861067056655884,,,,,
realmlp,kpx_group_2,13,0.0740026980638504,0.08490707725286484,0.6628178358078003,0.15525572001934052,0.48089146614074707,,,,,
realmlp,kpx_group_3,13,0.09244615924270715,0.09432466328144073,0.5659210681915283,0.144709050655365,0.276551216840744,,,,,
realmlp,all,14,0.0821934469482478,0.08413805812597275,0.6201174855232239,0.14206485450267792,0.3822997510433197,0.12041703797876835,0.2548239279319258,0.36205554008483887,0.0,
realmlp,kpx_group_1,14,0.08073438605403199,0.07307430356740952,0.6316994428634644,0.12657223641872406,0.38997113704681396,,,,,
realmlp,kpx_group_2,14,0.07380266202723279,0.08518026769161224,0.6626678109169006,0.15544933080673218,0.48078498244285583,,,,,
realmlp,kpx_group_3,14,0.09204329254434389,0.0941595733165741,0.5659850835800171,0.14417298138141632,0.2761431336402893,,,,,
realmlp,all,15,0.08225202155025567,0.08409124612808228,0.6259351372718811,0.14254985749721527,0.3944202661514282,0.12060294442755334,0.2556728196932989,0.35487279295921326,0.0,
realmlp,kpx_group_1,15,0.08059225921683452,0.07226863503456116,0.6445563435554504,0.12629564106464386,0.41540828347206116,,,,,
realmlp,kpx_group_2,15,0.07376900194760631,0.08585689961910248,0.6603419780731201,0.15584935247898102,0.47653335332870483,,,,,
realmlp,kpx_group_3,15,0.09239480260978727,0.09414820373058319,0.5729072690010071,0.14550453424453735,0.2913191020488739,,,,,
realmlp,all,16,0.08261023779564045,0.08464285731315613,0.6191985011100769,0.1425115168094635,0.3809085190296173,0.12108744067304275,0.25651466408196616,0.36021187901496887,0.0,
realmlp,kpx_group_1,16,0.08104744137210004,0.07282239943742752,0.632867693901062,0.1269191950559616,0.3926546573638916,,,,,
realmlp,kpx_group_2,16,0.07410271049422376,0.08535227179527283,0.6605868935585022,0.15625041723251343,0.4774242043495178,,,,,
realmlp,kpx_group_3,16,0.0926805627258385,0.09575389325618744,0.5641408562660217,0.14436492323875427,0.2726466953754425,,,,,
realmlp,all,17,0.08292953363236259,0.08567669987678528,0.6228716373443604,0.1433870941400528,0.3891303539276123,0.12141959895105923,0.25660042640040903,0.35212382674217224,0.0,
realmlp,kpx_group_1,17,0.08131033477976042,0.07158368825912476,0.6492892503738403,0.12637877464294434,0.4249572157859802,,,,,
realmlp,kpx_group_2,17,0.0742769252289744,0.08709825575351715,0.6598138213157654,0.1579577922821045,0.47758540511131287,,,,,
realmlp,kpx_group_3,17,0.0932013418744592,0.09834815561771393,0.5595118403434753,0.14582476019859314,0.2648484706878662,,,,,
realmlp,all,18,0.08281660792143906,0.08426612615585327,0.6248602271080017,0.14380009472370148,0.39352062344551086,0.12126529742689694,0.2563245879376636,0.3443005084991455,0.0,
realmlp,kpx_group_1,18,0.08101147533777882,0.0721438080072403,0.6424061059951782,0.12618288397789001,0.4109950661659241,,,,,
realmlp,kpx_group_2,18,0.07434708942823551,0.08612600713968277,0.6626303195953369,0.15656261146068573,0.48182326555252075,,,,,
realmlp,kpx_group_3,18,0.09309125812176396,0.09452857077121735,0.5695444345474243,0.1486547738313675,0.28774362802505493,,,,,
realmlp,all,19,0.08328789702671416,0.08379223942756653,0.6231566071510315,0.1406411975622177,0.3869543969631195,0.1216328837634886,0.2556332323481055,0.3502068519592285,0.0,
realmlp,kpx_group_1,19,0.08145749875727822,0.0712902843952179,0.6423908472061157,0.12355907261371613,0.40834081172943115,,,,,
realmlp,kpx_group_2,19,0.07525951733045719,0.08282911777496338,0.6689856648445129,0.15168948471546173,0.4896608293056488,,,,,
realmlp,kpx_group_3,19,0.0931466737871661,0.09725730121135712,0.5580931901931763,0.14667503535747528,0.262861430644989,,,,,
realmlp,all,20,0.0823174011619652,0.084234319627285,0.6233118176460266,0.1416354924440384,0.3882591426372528,0.12042226686197169,0.2540324334712589,0.3584798574447632,0.0,
realmlp,kpx_group_1,20,0.08051415795789045,0.07184449583292007,0.6373844742774963,0.12555506825447083,0.4003239572048187,,,,,
realmlp,kpx_group_2,20,0.07425465423832922,0.08375206589698792,0.6672077775001526,0.15312400460243225,0.48753952980041504,,,,,
realmlp,kpx_group_3,20,0.09218339172794539,0.09710638225078583,0.5653432011604309,0.1462274044752121,0.2769138514995575,,,,,
realmlp,all,21,0.0808135184514172,0.0875861719250679,0.6120832562446594,0.14322447776794434,0.36739102005958557,0.11856506973066751,0.2516770018812488,0.3416934013366699,0.0,
realmlp,kpx_group_1,21,0.07938269295674913,0.07385310530662537,0.619663417339325,0.12534651160240173,0.36467334628105164,,,,,
realmlp,kpx_group_2,21,0.07309556883924148,0.08739456534385681,0.6582242250442505,0.15703123807907104,0.47347962856292725,,,,,
realmlp,kpx_group_3,21,0.08996229092864429,0.10151085257530212,0.5583622455596924,0.14729566872119904,0.2640201151371002,,,,,
realmlp,all,22,0.0789984363843413,0.08614058047533035,0.6210753321647644,0.14190778136253357,0.38405856490135193,0.1160545683301547,0.2470408708733671,0.3438689708709717,0.0,
realmlp,kpx_group_1,22,0.07745589754160713,0.07234399020671844,0.6416144371032715,0.12672097980976105,0.40994977951049805,,,,,
realmlp,kpx_group_2,22,0.07183362992809099,0.08413179218769073,0.6642175316810608,0.15280622243881226,0.4812413156032562,,,,,
realmlp,kpx_group_3,22,0.08770578310770147,0.10194596648216248,0.5573941469192505,0.1461961418390274,0.2609844505786896,,,,,
realmlp,all,23,0.07735032621113692,0.08911512047052383,0.6177774667739868,0.14387579262256622,0.37943074107170105,0.11352341457763139,0.24115391733015284,0.3344571590423584,0.0,
realmlp,kpx_group_1,23,0.07640890130663619,0.0729626715183258,0.6379169225692749,0.12449866533279419,0.4003324806690216,,,,,
realmlp,kpx_group_2,23,0.0706535222775796,0.08671427518129349,0.662939190864563,0.1564921885728836,0.4823705852031708,,,,,
realmlp,kpx_group_3,23,0.08498855472049292,0.10766839981079102,0.5524762868881226,0.15063652396202087,0.2555890679359436,,,,,
realmlp,all,24,0.07536907001015018,0.0861165001988411,0.6215576529502869,0.14058898389339447,0.383704274892807,0.11071289714206667,0.23562550522825298,0.3517507314682007,0.0,
realmlp,kpx_group_1,24,0.07446880518075298,0.07326962053775787,0.6403636932373047,0.12397190183401108,0.40469929575920105,,,,,
realmlp,kpx_group_2,24,0.06956695195506601,0.0823163241147995,0.6665928363800049,0.14992158114910126,0.48310720920562744,,,,,
realmlp,kpx_group_3,24,0.08207145377117045,0.10276355594396591,0.5577163696289062,0.14787344634532928,0.26330623030662537,,,,,
realmlp,all,25,0.07251315596787368,0.08963976055383682,0.6137225031852722,0.1414659172296524,0.36891087889671326,0.10671430311220534,0.22800763630691698,0.3383162319660187,0.0,
realmlp,kpx_group_1,25,0.07215900894473581,0.07564517855644226,0.6234638690948486,0.12371768802404404,0.3706453740596771,,,,,
realmlp,kpx_group_2,25,0.06746327477123808,0.0837206020951271,0.6676414012908936,0.1504218876361847,0.4857046604156494,,,,,
realmlp,kpx_group_3,25,0.07791718533810447,0.1095535159111023,0.5500621795654297,0.1502581685781479,0.2503824830055237,,,,,
realmlp,all,26,0.06980575292425997,0.09087268263101578,0.6186209321022034,0.14074459671974182,0.3779865503311157,0.10269156690029536,0.2192387532661943,0.353198379278183,0.0,
realmlp,kpx_group_1,26,0.0702362080269,0.0742635726928711,0.64346843957901,0.12298240512609482,0.40991926193237305,,,,,
realmlp,kpx_group_2,26,0.06521679877358325,0.08325612545013428,0.6690278053283691,0.14950482547283173,0.4875604808330536,,,,,
realmlp,kpx_group_3,26,0.07396425405407653,0.11509832739830017,0.5433666706085205,0.14974655210971832,0.23647987842559814,,,,,
realmlp,all,27,0.06755841435755,0.09119042009115219,0.6125854849815369,0.14305762946605682,0.36822858452796936,0.09943186984780956,0.21248969282297528,0.34777721762657166,0.0,
realmlp,kpx_group_1,27,0.06827026068726007,0.07587495446205139,0.6201719045639038,0.1253906935453415,0.3657344579696655,,,,,
realmlp,kpx_group_2,27,0.06328218211145963,0.08336518704891205,0.6687804460525513,0.1493769884109497,0.48693782091140747,,,,,
realmlp,kpx_group_3,27,0.07112280126003657,0.11433110386133194,0.5488041639328003,0.15440520644187927,0.252013623714447,,,,,
realmlp,all,28,0.06401611541343086,0.09019014239311218,0.621634304523468,0.14208801090717316,0.3853566646575928,0.09458970541463178,0.20382391551838203,0.35031938552856445,0.0,
realmlp,kpx_group_1,28,0.06521389244452995,0.07346013188362122,0.6502234935760498,0.12222377955913544,0.42267072200775146,,,,,
realmlp,kpx_group_2,28,0.06043231996762402,0.08695486187934875,0.6634304523468018,0.15314653515815735,0.48000743985176086,,,,,
realmlp,kpx_group_3,28,0.06640213169157505,0.11015542596578598,0.551249086856842,0.1508937031030655,0.253391832113266,,,,,
realmlp,all,29,0.061903890441445744,0.08940533548593521,0.6216899752616882,0.13971370458602905,0.38309359550476074,0.09118877669029377,0.1952325646929881,0.36323657631874084,0.0,
realmlp,kpx_group_1,29,0.06337612807093297,0.0742805153131485,0.6453311443328857,0.12299831211566925,0.4136606454849243,,,,,
realmlp,kpx_group_2,29,0.05888183694332838,0.08266772329807281,0.6674017906188965,0.14666715264320374,0.4814707040786743,,,,,
realmlp,kpx_group_3,29,0.06345370641964324,0.11126777529716492,0.5523368716239929,0.14947567880153656,0.2541494071483612,,,,,
realmlp,all,30,0.05938741789363763,0.0914502739906311,0.6145291924476624,0.14223986864089966,0.3712981939315796,0.08739353979335111,0.18670747122343848,0.3702256977558136,0.0,
realmlp,kpx_group_1,30,0.06130998367991518,0.07718262076377869,0.6287605166435242,0.12458133697509766,0.382102370262146,,,,,
realmlp,kpx_group_2,30,0.05653864654767163,0.08368442952632904,0.6670717597007751,0.1486695408821106,0.4828130304813385,,,,,
realmlp,kpx_group_3,30,0.060313624658567065,0.11348374933004379,0.547755241394043,0.1534687578678131,0.24897922575473785,,,,,
realmlp,all,31,0.056766771218355966,0.09230784326791763,0.621968686580658,0.14260399341583252,0.38654136657714844,0.08362133811940164,0.17903043680331288,0.37961259484291077,0.0,
realmlp,kpx_group_1,31,0.058705913122085965,0.07470978796482086,0.6532657742500305,0.12368281185626984,0.4302143454551697,,,,,
realmlp,kpx_group_2,31,0.05450457361910273,0.08578144013881683,0.666735827922821,0.1510665863752365,0.4845382869243622,,,,,
realmlp,kpx_group_3,31,0.05708982746171601,0.11643227934837341,0.5459045171737671,0.1530625820159912,0.24487164616584778,,,,,
realmlp,all,32,0.05374932798611767,0.09375490993261337,0.6164166331291199,0.14400768280029297,0.3768409788608551,0.07947281550835161,0.17148991257828824,0.40122008323669434,0.0,
realmlp,kpx_group_1,32,0.055962740224512184,0.07581682503223419,0.6421159505844116,0.12495775520801544,0.4091896414756775,,,,,
realmlp,kpx_group_2,32,0.05202731550397242,0.08606933057308197,0.6653390526771545,0.15166273713111877,0.48234081268310547,,,,,
realmlp,kpx_group_3,32,0.053257927791598964,0.11937856674194336,0.541795015335083,0.1554025411605835,0.23899251222610474,,,,,
realmlp,all,33,0.05184842087328434,0.09456586837768555,0.6139605641365051,0.14319424331188202,0.3711153566837311,0.07647987805745181,0.16420970353133538,0.39872846007347107,0.0,
realmlp,kpx_group_1,33,0.05436789096497437,0.07753276824951172,0.6332451701164246,0.1248876303434372,0.3913780152797699,,,,,
realmlp,kpx_group_2,33,0.050252723452799464,0.0848631039261818,0.6650601029396057,0.1487310826778412,0.4788512885570526,,,,,
realmlp,kpx_group_3,33,0.05092464869513231,0.12130174040794373,0.5435764193534851,0.15596400201320648,0.2431168258190155,,,,,
realmlp,all,34,0.04985150092226617,0.09320652484893799,0.6143997311592102,0.1414843648672104,0.37028375267982483,0.07349172212621745,0.15760146782678716,0.4033517837524414,0.0,
realmlp,kpx_group_1,34,0.05249936133623123,0.07724156975746155,0.6334894895553589,0.12385592609643936,0.39083489775657654,,,,,
realmlp,kpx_group_2,34,0.04863168036236482,0.08325648307800293,0.6653198599815369,0.14554840326309204,0.4761880934238434,,,,,
realmlp,kpx_group_3,34,0.04842346030123094,0.11912153661251068,0.5443898439407349,0.15504872798919678,0.2438284307718277,,,,,
realmlp,all,35,0.04806075519060388,0.09530306607484818,0.6139132380485535,0.14433073997497559,0.3721572458744049,0.07087271770133692,0.1520797486471779,0.420384019613266,0.0,
realmlp,kpx_group_1,35,0.05092953331768513,0.07790064066648483,0.6326567530632019,0.12548449635505676,0.3907979428768158,,,,,
realmlp,kpx_group_2,35,0.047267412164193744,0.0855640321969986,0.665154755115509,0.15004003047943115,0.4803495705127716,,,,,
realmlp,kpx_group_3,35,0.045985320637769556,0.12244454026222229,0.5439282655715942,0.15746766328811646,0.24532417953014374,,,,,
realmlp,all,36,0.04641416696283747,0.0951351448893547,0.6173844933509827,0.14409935474395752,0.3788684606552124,0.06864142111119102,0.1481816840960699,0.4174691438674927,0.0,
realmlp,kpx_group_1,36,0.04936454494428985,0.0774361789226532,0.6443844437599182,0.12480370700359344,0.41357260942459106,,,,,
realmlp,kpx_group_2,36,0.045815942042014175,0.08667424321174622,0.6623505353927612,0.15067674219608307,0.4753778278827667,,,,,
realmlp,kpx_group_3,36,0.044062015107449365,0.12129499018192291,0.5454186797142029,0.15681762993335724,0.2476549744606018,,,,,
realmlp,all,37,0.04531467234825387,0.09504040330648422,0.6157001256942749,0.14448922872543335,0.37588950991630554,0.06694962862221633,0.14423303755328937,0.4263857901096344,0.0,
realmlp,kpx_group_1,37,0.048529665259753954,0.07741743326187134,0.6393697261810303,0.12511852383613586,0.4038580060005188,,,,,
realmlp,kpx_group_2,37,0.04489832037292859,0.08665123581886292,0.6616640686988831,0.15100440382957458,0.4743325412273407,,,,,
realmlp,kpx_group_3,37,0.04251603146686273,0.12105251848697662,0.5460666418075562,0.1573447585105896,0.24947798252105713,,,,,
realmlp,all,38,0.04438905976712704,0.0958656594157219,0.61585932970047,0.14395058155059814,0.37566933035850525,0.06573182086953346,0.1422850715325159,0.4248850643634796,0.0,
realmlp,kpx_group_1,38,0.047626000993392044,0.07854107022285461,0.6378720998764038,0.1251518428325653,0.4008961319923401,,,,,
realmlp,kpx_group_2,38,0.04424595904043492,0.08603169023990631,0.6648930311203003,0.14950789511203766,0.47929397225379944,,,,,
realmlp,kpx_group_3,38,0.0412952179527458,0.12302420288324356,0.5448129177093506,0.15719199180603027,0.24681787192821503,,,,,
realmlp,all,39,0.04399592434877858,0.09615512937307358,0.6152184009552002,0.14432743191719055,0.37476423382759094,0.06500155818374719,0.14003755130312023,0.42619284987449646,0.0,
realmlp,kpx_group_1,39,0.047458371366648114,0.07838049530982971,0.6402272582054138,0.12509386241436005,0.4055483639240265,,,,,
realmlp,kpx_group_2,39,0.04371975433519658,0.08653472363948822,0.6618233919143677,0.15014947950839996,0.4737962484359741,,,,,
realmlp,kpx_group_3,39,0.04080964739927474,0.1235501617193222,0.5436045527458191,0.15773896872997284,0.2449481189250946,,,,,
realmlp,all,40,0.04369342595557956,0.09605974704027176,0.6154401302337646,0.14423389732837677,0.37511417269706726,0.06460453608237646,0.13940740223316586,0.42586326599121094,0.0,
realmlp,kpx_group_1,40,0.04720670839442926,0.07824832946062088,0.6399934887886047,0.1249818429350853,0.40496882796287537,,,,,
realmlp,kpx_group_2,40,0.04352785099078627,0.08655714988708496,0.6621782779693604,0.15010666847229004,0.47446319460868835,,,,,
realmlp,kpx_group_3,40,0.040345718865008914,0.12337377667427063,0.5441486835479736,0.15761318802833557,0.24591049551963806,,,,,
realmlp,all,41,0.04369386367718963,0.0960637554526329,0.6157870888710022,0.14424629509449005,0.37582042813301086,0.06450696579892845,0.13875401031006784,0.4265969693660736,0.0,
realmlp,kpx_group_1,41,0.04707240192767452,0.07831674814224243,0.640005350112915,0.1250646412372589,0.4050753712654114,,,,,
realmlp,kpx_group_2,41,0.04341033232562682,0.08648495376110077,0.6629613637924194,0.15000417828559875,0.4759269058704376,,,,,
realmlp,kpx_group_3,41,0.04059885732610436,0.12338955700397491,0.5443944931030273,0.15767008066177368,0.24645909667015076,,,,,
realmlp,all,42,0.04371446360121755,0.09605950117111206,0.615617573261261,0.14410394430160522,0.37533918023109436,0.06464111339300871,0.1395109912709278,0.426817387342453,0.0,
realmlp,kpx_group_1,42,0.04723709695698584,0.07840169966220856,0.6400254964828491,0.125155508518219,0.40520647168159485,,,,,
realmlp,kpx_group_2,42,0.04345380876432447,0.0862276554107666,0.6636123061180115,0.14954082667827606,0.4767654240131378,,,,,
realmlp,kpx_group_3,42,0.04045248513712602,0.12354914844036102,0.5432150959968567,0.15761548280715942,0.2440456748008728,,,,,
realmlp,all,43,0.04388621778172605,0.09621888399124146,0.6151573657989502,0.14433203637599945,0.3746468126773834,0.06486570309190189,0.13986323127413497,0.42907989025115967,0.0,
realmlp,kpx_group_1,43,0.04718135461649474,0.07766509056091309,0.6398695707321167,0.12490098178386688,0.4046401381492615,,,,,
realmlp,kpx_group_2,43,0.04366549838553457,0.08646610379219055,0.6627168655395508,0.15010835230350494,0.4755421280860901,,,,,
realmlp,kpx_group_3,43,0.040811801329255104,0.12452545762062073,0.5428857207298279,0.15798676013946533,0.2437581717967987,,,,,
realmlp,all,44,0.04435748782228021,0.09637557715177536,0.6151701807975769,0.1449776142835617,0.3753180503845215,0.06555831213207806,0.14133882391102173,0.42848995327949524,0.0,
realmlp,kpx_group_1,44,0.04756783222889199,0.07757623493671417,0.6415278911590576,0.124724842607975,0.4077806770801544,,,,,
realmlp,kpx_group_2,44,0.04392891366253881,0.08795015513896942,0.660797119140625,0.1522812396287918,0.473875492811203,,,,,
realmlp,kpx_group_3,44,0.041575717739760876,0.12360033392906189,0.5431855916976929,0.1579267680644989,0.24429798126220703,,,,,
realmlp,all,45,0.04466321549433119,0.09588059037923813,0.6155338883399963,0.14467473328113556,0.3757425546646118,0.06586493458598852,0.14134478448506663,0.4271787405014038,0.0,
realmlp,kpx_group_1,45,0.04779397931826465,0.07782153785228729,0.6412551403045654,0.12549445033073425,0.4080047905445099,,,,,
realmlp,kpx_group_2,45,0.04439278522177654,0.08736388385295868,0.662848949432373,0.15143375098705292,0.4771316945552826,,,,,
realmlp,kpx_group_3,45,0.04180288309340968,0.12245636433362961,0.5424975752830505,0.1570959985256195,0.24209120869636536,,,,,
realmlp,all,46,0.04484869698610376,0.09553650766611099,0.6166067123413086,0.14304478466510773,0.3762582540512085,0.06624543562750607,0.14264491868807988,0.4288997948169708,0.0,
realmlp,kpx_group_1,46,0.04792451370945748,0.07808201760053635,0.6410045623779297,0.12401282787322998,0.40602192282676697,,,,,
realmlp,kpx_group_2,46,0.044331757242188734,0.08529147505760193,0.6654459238052368,0.14850854873657227,0.4794004559516907,,,,,
realmlp,kpx_group_3,46,0.042289819842314016,0.1232360377907753,0.543369710445404,0.15661299228668213,0.24335242807865143,,,,,
realmlp,all,47,0.04535410613478983,0.09523558616638184,0.6147716045379639,0.1446353942155838,0.37417852878570557,0.06665595642784063,0.14201233031995156,0.43492022156715393,0.0,
realmlp,kpx_group_1,47,0.04851454578559188,0.07813097536563873,0.6384201049804688,0.1262613981962204,0.40310168266296387,,,,,
realmlp,kpx_group_2,47,0.04473010105464388,0.08672160655260086,0.6619288325309753,0.1506197154521942,0.4744773805141449,,,,,
realmlp,kpx_group_3,47,0.04281767052324379,0.12085415422916412,0.543965756893158,0.15702509880065918,0.24495664238929749,,,,,
realmlp,all,48,0.04568504240802106,0.09427311271429062,0.6151432991027832,0.14328603446483612,0.37357258796691895,0.06700426093576585,0.1421281176016611,0.4293363094329834,0.0,
realmlp,kpx_group_1,48,0.04861791092245018,0.07833407074213028,0.6329715251922607,0.12497802078723907,0.390921026468277,,,,,
realmlp,kpx_group_2,48,0.04503539862001643,0.08571802079677582,0.6646824479103088,0.14920789003372192,0.4785727858543396,,,,,
realmlp,kpx_group_3,48,0.04340181696940871,0.11876724660396576,0.54777592420578,0.15567222237586975,0.2512240409851074,,,,,
realmlp,all,49,0.04586736030657502,0.09597164392471313,0.6114964485168457,0.14417974650859833,0.36717262864112854,0.0673268277417211,0.14306311331251087,0.43269404768943787,0.0,
realmlp,kpx_group_1,49,0.048788893091328,0.07932247221469879,0.63705974817276,0.12579527497291565,0.39991477131843567,,,,,
realmlp,kpx_group_2,49,0.04508246147238156,0.08692286908626556,0.6572668552398682,0.15056276321411133,0.46509650349617004,,,,,
realmlp,kpx_group_3,49,0.043730725643827635,0.12166956812143326,0.5401627421379089,0.156181201338768,0.23650673031806946,,,,,
realmlp,all,50,0.046058866250164365,0.09412646293640137,0.6167453527450562,0.14462810754776,0.3781188428401947,0.06751439577954657,0.14303685483687065,0.4328518211841583,0.0,
realmlp,kpx_group_1,50,0.04869614015607273,0.07826028019189835,0.6405962109565735,0.12636584043502808,0.40755823254585266,,,,,
realmlp,kpx_group_2,50,0.04531764551339781,0.08827774226665497,0.6588464975357056,0.15290123224258423,0.47059422731399536,,,,,
realmlp,kpx_group_3,50,0.04416281428626355,0.11584138125181198,0.5507934093475342,0.15461722016334534,0.2562040686607361,,,,,
realmlp,all,51,0.046519187936449755,0.09480688720941544,0.6187240481376648,0.14409899711608887,0.38154709339141846,0.0677623273256947,0.1416209226145464,0.42654526233673096,0.0,
realmlp,kpx_group_1,51,0.04920811808722861,0.07574357092380524,0.6561419367790222,0.12444869428873062,0.43673256039619446,,,,,
realmlp,kpx_group_2,51,0.04538091847344356,0.08822683990001678,0.6585302352905273,0.15240827202796936,0.46946874260902405,,,,,
realmlp,kpx_group_3,51,0.04496852757737917,0.12045028805732727,0.5414999723434448,0.15544003248214722,0.23844002187252045,,,,,
realmlp,all,52,0.04636347430812962,0.09384032338857651,0.6111456751823425,0.1430003046989441,0.36529168486595154,0.06747456311303027,0.14074058622560082,0.4325367212295532,0.0,
realmlp,kpx_group_1,52,0.04892453058239292,0.07915940880775452,0.6280913352966309,0.12562395632266998,0.3818065822124481,,,,,
realmlp,kpx_group_2,52,0.045060216887470556,0.08482144773006439,0.6598544716835022,0.14840655028820038,0.46811553835868835,,,,,
realmlp,kpx_group_3,52,0.04510567452320281,0.1175401508808136,0.5454912185668945,0.1549704521894455,0.24595285952091217,,,,,
realmlp,all,53,0.04629497147877427,0.0981990322470665,0.6062953472137451,0.14338231086730957,0.3559729754924774,0.06725396281656097,0.1397265998975319,0.42240750789642334,0.0,
realmlp,kpx_group_1,53,0.04879043054054765,0.08273804187774658,0.6199567317962646,0.12638404965400696,0.36629748344421387,,,,,
realmlp,kpx_group_2,53,0.04517798684537411,0.08459707349538803,0.6611363887786865,0.14634662866592407,0.4686194062232971,,,,,
realmlp,kpx_group_3,53,0.044916499022613555,0.1272619366645813,0.5377928614616394,0.15741626918315887,0.23300203680992126,,,,,
realmlp,all,54,0.04581074739861138,0.09617619961500168,0.6103100180625916,0.14425189793109894,0.36487188935279846,0.06653669388855205,0.13817297185168548,0.43379268050193787,0.0,
realmlp,kpx_group_1,54,0.04838190956369919,0.07978694140911102,0.6229658722877502,0.1262640804052353,0.37219586968421936,,,,,
realmlp,kpx_group_2,54,0.04452788599712007,0.08715944737195969,0.6622545719146729,0.15086562931537628,0.475374698638916,,,,,
realmlp,kpx_group_3,54,0.04452244592282702,0.12158221006393433,0.5457096099853516,0.15562598407268524,0.24704515933990479,,,,,
realmlp,all,55,0.04572516740025843,0.09768440574407578,0.6041274666786194,0.14560820162296295,0.35386309027671814,0.06612874205936403,0.13602382317185402,0.43712568283081055,0.0,
realmlp,kpx_group_1,55,0.04823828948771253,0.0825328379869461,0.613783061504364,0.12790000438690186,0.3554661273956299,,,,,
realmlp,kpx_group_2,55,0.044519136824152046,0.08688463270664215,0.656182050704956,0.15112526714801788,0.4634893238544464,,,,,
realmlp,kpx_group_3,55,0.04441807742285378,0.12363573908805847,0.5424172878265381,0.15779930353164673,0.2426338493824005,,,,,
realmlp,all,56,0.04526993791189264,0.09808982163667679,0.604793131351471,0.145461767911911,0.3550480306148529,0.06534407150876873,0.1338275594308096,0.4424712657928467,0.0,
realmlp,kpx_group_1,56,0.047384736018584055,0.08121663331985474,0.6202172636985779,0.1279430240392685,0.36837756633758545,,,,,
realmlp,kpx_group_2,56,0.044159826548660505,0.08699862658977509,0.659582793712616,0.14958584308624268,0.468751460313797,,,,,
realmlp,kpx_group_3,56,0.04426525023711078,0.12605422735214233,0.5345792770385742,0.15885646641254425,0.2280150055885315,,,,,
realmlp,all,57,0.044808457167271304,0.09778936952352524,0.6097105741500854,0.1446729451417923,0.3640940487384796,0.06482544530402212,0.13344658615396304,0.43791821599006653,0.0,
realmlp,kpx_group_1,57,0.04712316656813902,0.0801490843296051,0.6240756511688232,0.12581612169742584,0.37396740913391113,,,,,
realmlp,kpx_group_2,57,0.043747704969171214,0.08607085049152374,0.667019784450531,0.14936545491218567,0.4834050238132477,,,,,
realmlp,kpx_group_3,57,0.04355449870447902,0.12714815139770508,0.5380362272262573,0.15883728861808777,0.23490974307060242,,,,,
realmlp,all,58,0.044292246703715885,0.09571004658937454,0.6093771457672119,0.14428512752056122,0.363039493560791,0.06383765395730734,0.13030270903426058,0.45343098044395447,0.0,
realmlp,kpx_group_1,58,0.04674306939191678,0.07872024178504944,0.63250333070755,0.12721291184425354,0.39221954345703125,,,,,
realmlp,kpx_group_2,58,0.04289706073263112,0.08739885687828064,0.6527607440948486,0.1509113311767578,0.45643287897109985,,,,,
realmlp,kpx_group_3,58,0.04323661053443656,0.12101106345653534,0.5428674221038818,0.1547311544418335,0.24046604335308075,,,,,
realmlp,all,59,0.04389615187092739,0.09877374768257141,0.6062614321708679,0.14598500728607178,0.35850778222084045,0.06312155071645975,0.12816932446816387,0.45500436425209045,0.0,
realmlp,kpx_group_1,59,0.04602339074892156,0.08137790858745575,0.6239623427391052,0.12727713584899902,0.3752017915248871,,,,,
realmlp,kpx_group_2,59,0.0428412011002793,0.08778691291809082,0.6583889126777649,0.15147213637828827,0.46825000643730164,,,,,
realmlp,kpx_group_3,59,0.04282386458533652,0.12715640664100647,0.5364329814910889,0.15920573472976685,0.2320716828107834,,,,,
realmlp,all,60,0.04333754316629732,0.09659136086702347,0.6123242974281311,0.14375342428684235,0.36840200424194336,0.06208919010618154,0.12501097843050957,0.4464660584926605,0.0,
realmlp,kpx_group_1,60,0.0456517861389062,0.07991496473550797,0.6373614072799683,0.1257573515176773,0.40048012137413025,,,,,
realmlp,kpx_group_2,60,0.04238208980463883,0.08734886348247528,0.658167839050293,0.14990510046482086,0.4662407338619232,,,,,
realmlp,kpx_group_3,60,0.041978752843159085,0.12251025438308716,0.5414437651634216,0.1555977612733841,0.23848523199558258,,,,,
realmlp,all,61,0.042609712437671775,0.09856794029474258,0.605664074420929,0.14575965702533722,0.35708776116371155,0.06086709153126268,0.1217158501419951,0.4621378183364868,0.0,
realmlp,kpx_group_1,61,0.04476716369390488,0.08281956613063812,0.6214120388031006,0.1281934678554535,0.37101760506629944,,,,,
realmlp,kpx_group_2,61,0.041448168730472815,0.08692029118537903,0.6604141592979431,0.1507287621498108,0.47155705094337463,,,,,
realmlp,kpx_group_3,61,0.04161380565560916,0.12596395611763,0.5351659059524536,0.15835677087306976,0.22868859767913818,,,,,
realmlp,all,62,0.0418838186408667,0.09712114930152893,0.6067988276481628,0.1444544941186905,0.35805216431617737,0.059717300074065435,0.1188898740665001,0.4510820209980011,0.0,
realmlp,kpx_group_1,62,0.0441614803584183,0.08110400289297104,0.6246472597122192,0.12720437347888947,0.376498818397522,,,,,
realmlp,kpx_group_2,62,0.0407543574076365,0.08717772364616394,0.6574516296386719,0.1494026929140091,0.46430596709251404,,,,,
realmlp,kpx_group_3,62,0.0407356178826269,0.12308169901371002,0.5382976531982422,0.1567564755678177,0.23335175216197968,,,,,
realmlp,all,63,0.04100831378908718,0.09692210704088211,0.6093311309814453,0.144996777176857,0.3636590242385864,0.058402346282759136,0.11596021417747526,0.4721802771091461,0.0,
realmlp,kpx_group_1,63,0.042957369292921876,0.08162002265453339,0.6248262524604797,0.12799474596977234,0.3776472508907318,,,,,
realmlp,kpx_group_2,63,0.04001915898612317,0.08716487884521484,0.6614962816238403,0.15037326514720917,0.4733658730983734,,,,,
realmlp,kpx_group_3,63,0.040048411882975525,0.1219814121723175,0.5416707992553711,0.15662233531475067,0.23996394872665405,,,,,
realmlp,all,64,0.039810985217199606,0.09739241749048233,0.6076168417930603,0.1440630555152893,0.3592967689037323,0.056766508585389924,0.11303681047523723,0.486926406621933,0.0,
realmlp,kpx_group_1,64,0.04211534209111158,0.07936561107635498,0.6318647265434265,0.12586654722690582,0.38959601521492004,,,,,
realmlp,kpx_group_2,64,0.03898640409769381,0.08575239032506943,0.6570814251899719,0.14869636297225952,0.46285924315452576,,,,,
realmlp,kpx_group_3,64,0.038331210174981284,0.12705925107002258,0.5339043140411377,0.15762628614902496,0.22543495893478394,,,,,
realmlp,all,65,0.03934524011086015,0.09907140582799911,0.6019684672355652,0.14523161947727203,0.3491685092449188,0.05574403062243672,0.10932526463533149,0.4792361557483673,0.0,
realmlp,kpx_group_1,65,0.04168577908593066,0.08441890776157379,0.6133908033370972,0.12860076129436493,0.35538238286972046,,,,,
realmlp,kpx_group_2,65,0.03845627485390972,0.08712804317474365,0.6569551825523376,0.14949071407318115,0.46340110898017883,,,,,
realmlp,kpx_group_3,65,0.03789366677622585,0.1256672739982605,0.5355592966079712,0.15760336816310883,0.22872194647789001,,,,,
realmlp,all,66,0.03820314455558272,0.09715383499860764,0.6094996929168701,0.14488893747329712,0.36388835310935974,0.05393513834432644,0.10487995230976273,0.48635077476501465,0.0,
realmlp,kpx_group_1,66,0.04049836888032801,0.08155407011508942,0.6313425898551941,0.12734366953372955,0.39002886414527893,,,,,
realmlp,kpx_group_2,66,0.037341037710361624,0.08761543780565262,0.6589483618736267,0.15046747028827667,0.4683642089366913,,,,,
realmlp,kpx_group_3,66,0.03677002707605853,0.12229196727275848,0.5382081270217896,0.15685564279556274,0.23327195644378662,,,,,
realmlp,all,67,0.03745071014718098,0.09737392514944077,0.6057628989219666,0.14453467726707458,0.3560604155063629,0.05275145068983821,0.10200492993873708,0.5030115246772766,0.0,
realmlp,kpx_group_1,67,0.03953870966592256,0.08318954706192017,0.622267484664917,0.12811240553855896,0.37264737486839294,,,,,
realmlp,kpx_group_2,67,0.036906934398062086,0.08668006956577301,0.6583113074302673,0.1486242413520813,0.4652468264102936,,,,,
realmlp,kpx_group_3,67,0.035906485665370434,0.12225215137004852,0.5367099046707153,0.15686741471290588,0.23028717935085297,,,,,
realmlp,all,68,0.036414489369182027,0.09759572148323059,0.6011530160903931,0.14513063430786133,0.3474366366863251,0.05109317732207915,0.09785791672766209,0.487234503030777,0.0,
realmlp,kpx_group_1,68,0.03872379419558188,0.08247052133083344,0.6194108128547668,0.12813915312290192,0.3669607937335968,,,,,
realmlp,kpx_group_2,68,0.035634925643749094,0.08675230294466019,0.6519743800163269,0.14916101098060608,0.4531097412109375,,,,,
realmlp,kpx_group_3,68,0.034884748158647734,0.12356434762477875,0.5320738554000854,0.1580917090177536,0.2222394198179245,,,,,
realmlp,all,69,0.03534445347373977,0.09972655773162842,0.594743549823761,0.14545764029026031,0.3349447548389435,0.049432678422068846,0.09392149713547791,0.5049285888671875,0.0,
realmlp,kpx_group_1,69,0.03740433039253249,0.08689795434474945,0.600945234298706,0.12978626787662506,0.33167675137519836,,,,,
realmlp,kpx_group_2,69,0.03488549899638576,0.08722994476556778,0.6492919921875,0.1485530585050583,0.44713708758354187,,,,,
realmlp,kpx_group_3,69,0.03374353040228872,0.12505176663398743,0.5339934229850769,0.15803363919258118,0.22602050006389618,,,,,
realmlp,all,70,0.03455798147136674,0.09971454739570618,0.597655713558197,0.14651325345039368,0.34182462096214294,0.048119169659912586,0.09040791639948592,0.5221897959709167,0.0,
realmlp,kpx_group_1,70,0.03677806044545244,0.08445342630147934,0.6112344264984131,0.12929865717887878,0.35176756978034973,,,,,
realmlp,kpx_group_2,70,0.034082829568754226,0.08706025779247284,0.6501912474632263,0.1498425453901291,0.45022502541542053,,,,,
realmlp,kpx_group_3,70,0.03281305489294669,0.12762995064258575,0.5315413475036621,0.16039857268333435,0.22348125278949738,,,,,
realmlp,all,71,0.03338990667287041,0.10156956315040588,0.5997419953346252,0.14757992327213287,0.34706389904022217,0.046382990775301176,0.08662055761498563,0.5224971175193787,0.0,
realmlp,kpx_group_1,71,0.03581449159366243,0.08363692462444305,0.6170011758804321,0.12907454371452332,0.36307692527770996,,,,,
realmlp,kpx_group_2,71,0.032763970166663915,0.08768612891435623,0.6531211137771606,0.15093618631362915,0.45717838406562805,,,,,
realmlp,kpx_group_3,71,0.03159125817610937,0.13338564336299896,0.5291036367416382,0.16272903978824615,0.2209363579750061,,,,,
realmlp,all,72,0.03264305236585,0.09996161609888077,0.6016609072685242,0.14532287418842316,0.3486446440219879,0.04513334356905783,0.08326860626830775,0.5261313319206238,0.0,
realmlp,kpx_group_1,72,0.0350309977417483,0.08323678374290466,0.6215114593505859,0.12773042917251587,0.37075328826904297,,,,,
realmlp,kpx_group_2,72,0.03212013081921374,0.08724918216466904,0.652319073677063,0.1490786224603653,0.4537166953086853,,,,,
realmlp,kpx_group_3,72,0.030778028481804273,0.1293988823890686,0.5311522483825684,0.1591595858335495,0.22146405279636383,,,,,
realmlp,all,73,0.03150246508748216,0.09861433506011963,0.6055583357810974,0.1446416974067688,0.35575830936431885,0.04345124866813421,0.07965855179902386,0.5258952975273132,0.0,
realmlp,kpx_group_1,73,0.03379267454147339,0.08250141143798828,0.6252802610397339,0.12669388949871063,0.377254456281662,,,,,
realmlp,kpx_group_2,73,0.031057114795069483,0.08710276335477829,0.6550734639167786,0.14906659722328186,0.4592134654521942,,,,,
realmlp,kpx_group_3,73,0.029657606008079124,0.1262388527393341,0.536321222782135,0.1581646203994751,0.2308070957660675,,,,,
realmlp,all,74,0.030309711528175017,0.10188156366348267,0.5951783657073975,0.146833136677742,0.3371899127960205,0.0417529138024239,0.07628801399294068,0.5486758351325989,0.0,
realmlp,kpx_group_1,74,0.032808519735494084,0.08634030818939209,0.6030214428901672,0.12991973757743835,0.3359626829624176,,,,,
realmlp,kpx_group_2,74,0.030096923001110554,0.08752545714378357,0.6536531448364258,0.14941218495368958,0.45671844482421875,,,,,
realmlp,kpx_group_3,74,0.028023691135732567,0.13177889585494995,0.5288605690002441,0.16116750240325928,0.21888864040374756,,,,,
realmlp,all,75,0.029450867653769607,0.10122019052505493,0.5948085784912109,0.14704559743404388,0.33666276931762695,0.04046980132732321,0.07345955758629476,0.5662426352500916,0.0,
realmlp,kpx_group_1,75,0.03180054046542329,0.08696223795413971,0.6053763031959534,0.13088688254356384,0.34163954854011536,,,,,
realmlp,kpx_group_2,75,0.029234579298645258,0.08746589720249176,0.651217520236969,0.1498769074678421,0.4523119330406189,,,,,
realmlp,kpx_group_3,75,0.027317482813754502,0.12923240661621094,0.5278319716453552,0.16037298738956451,0.2160368710756302,,,,,
realmlp,all,76,0.028736870188046906,0.10156706720590591,0.5945677757263184,0.14691591262817383,0.33605146408081055,0.03931680913357174,0.07053292575566207,0.5706235766410828,0.0,
realmlp,kpx_group_1,76,0.03116119061322773,0.0864008367061615,0.6028386354446411,0.13033711910247803,0.33601444959640503,,,,,
realmlp,kpx_group_2,76,0.028525287395014483,0.0874902606010437,0.6523581743240356,0.14969542622566223,0.45441174507141113,,,,,
realmlp,kpx_group_3,76,0.026524133076343465,0.13081011176109314,0.5285065174102783,0.16071517765522003,0.2177281677722931,,,,,
realmlp,all,77,0.02792005394311512,0.10122188180685043,0.5958864092826843,0.1470460146665573,0.3388189375400543,0.037928178194252885,0.06672082512694247,0.5786832571029663,0.0,
realmlp,kpx_group_1,77,0.0302494769806371,0.08551155030727386,0.6092252135276794,0.12983207404613495,0.34828248620033264,,,,,
realmlp,kpx_group_2,77,0.027740777716698015,0.08831866085529327,0.6472501754760742,0.15012462437152863,0.4446249008178711,,,,,
realmlp,kpx_group_3,77,0.025769906775916323,0.12983541190624237,0.5311840772628784,0.16118131577968597,0.22354944050312042,,,,,
realmlp,all,78,0.026987624519011554,0.10150047391653061,0.6003396511077881,0.14668291807174683,0.3473622500896454,0.03642537970753277,0.06291836302946596,0.5978341102600098,0.0,
realmlp,kpx_group_1,78,0.029505816178725046,0.08300645649433136,0.6238465309143066,0.12772148847579956,0.37541452050209045,,,,,
realmlp,kpx_group_2,78,0.026993109324180028,0.08819445967674255,0.6493130922317505,0.15004552900791168,0.4486716389656067,,,,,
realmlp,kpx_group_3,78,0.024463948875884798,0.1333005130290985,0.5278594493865967,0.16228176653385162,0.2180006504058838,,,,,
realmlp,all,79,0.02602563061587074,0.10174012929201126,0.5967766642570496,0.14687949419021606,0.3404327929019928,0.035248038852039504,0.06148272078922566,0.6001822352409363,0.0,
realmlp,kpx_group_1,79,0.02853185450658202,0.08575760573148727,0.6138271689414978,0.12962917983531952,0.3572835326194763,,,,,
realmlp,kpx_group_2,79,0.025952694800627583,0.0888918787240982,0.6469085216522217,0.15008965134620667,0.44390663504600525,,,,,
realmlp,kpx_group_3,79,0.0235923423212679,0.1305709183216095,0.529594361782074,0.16091962158679962,0.220108300447464,,,,,
realmlp,all,80,0.025152713662999517,0.10112487524747849,0.6023721098899841,0.14623819291591644,0.3509824275970459,0.03383819523322232,0.05790320712634746,0.6115059852600098,0.0,
realmlp,kpx_group_1,80,0.027826803380294758,0.0839596539735794,0.6213933229446411,0.12836953997612,0.3711562752723694,,,,,
realmlp,kpx_group_2,80,0.025231985923121956,0.08750534057617188,0.6536533832550049,0.14912818372249603,0.45643502473831177,,,,,
realmlp,kpx_group_3,80,0.02239935253472889,0.13190960884094238,0.5320695638656616,0.1612168401479721,0.22535592317581177,,,,,
realmlp,all,81,0.024509359096341273,0.1025424376130104,0.5986800193786621,0.14700201153755188,0.3443620204925537,0.032898257404346674,0.055925987715668535,0.6118156909942627,0.0,
realmlp,kpx_group_1,81,0.02719560851726462,0.08668828010559082,0.6149129867553711,0.12996099889278412,0.3597870469093323,,,,,
realmlp,kpx_group_2,81,0.024649708066135645,0.08805593103170395,0.6516818404197693,0.14895303547382355,0.4523167312145233,,,,,
realmlp,kpx_group_3,81,0.021682760815190917,0.13288311660289764,0.5294451713562012,0.16209201514720917,0.22098231315612793,,,,,
realmlp,all,82,0.023995199898148283,0.10250423103570938,0.5956771373748779,0.1471155732870102,0.33846983313560486,0.03201555877047427,0.05346905609921498,0.6317789554595947,0.0,
realmlp,kpx_group_1,82,0.026636309264337316,0.08738505840301514,0.607587993144989,0.13079822063446045,0.34597423672676086,,,,,
realmlp,kpx_group_2,82,0.02416386521037887,0.08808012306690216,0.6509681344032288,0.14923690259456635,0.45117318630218506,,,,,
realmlp,kpx_group_3,82,0.021185424781459218,0.13204750418663025,0.5284752249717712,0.16131159663200378,0.21826204657554626,,,,,
realmlp,all,83,0.02323465358794612,0.10245398432016373,0.597970187664032,0.14742693305015564,0.34336724877357483,0.030911176191533312,0.051176814143272006,0.632710337638855,0.0,
realmlp,kpx_group_1,83,0.025900250766426325,0.08624126762151718,0.614642858505249,0.13008718192577362,0.35937294363975525,,,,,
realmlp,kpx_group_2,83,0.023424882852636716,0.08883398026227951,0.6513115763664246,0.15050463378429413,0.45312777161598206,,,,,
realmlp,kpx_group_3,83,0.020378826925640598,0.13228672742843628,0.5279560089111328,0.16168899834156036,0.21760106086730957,,,,,
realmlp,all,84,0.02260711493299288,0.10298528522253036,0.5953007340431213,0.14762814342975616,0.33822962641716003,0.029964968781260884,0.04905235767364502,0.6446130871772766,0.0,
realmlp,kpx_group_1,84,0.02537131235551308,0.08631294220685959,0.613544225692749,0.1303965300321579,0.35748496651649475,,,,,
realmlp,kpx_group_2,84,0.022824005799039322,0.08845703303813934,0.6461015939712524,0.14973250031471252,0.44193562865257263,,,,,
realmlp,kpx_group_3,84,0.01962602653485887,0.13418588042259216,0.5262564420700073,0.16275539994239807,0.21526823937892914,,,,,
realmlp,all,85,0.022201657514361775,0.10179519653320312,0.5978875160217285,0.14703072607517242,0.34280574321746826,0.029395871521795496,0.04796142437878777,0.6474820971488953,0.0,
realmlp,kpx_group_1,85,0.024959169191253537,0.08560159802436829,0.6156929731369019,0.12974712252616882,0.3611330986022949,,,,,
realmlp,kpx_group_2,85,0.02248252005151966,0.08840681612491608,0.6500423550605774,0.1498245894908905,0.44990935921669006,,,,,
realmlp,kpx_group_3,85,0.01916328360162237,0.13137714564800262,0.5279271602630615,0.16152045130729675,0.21737484633922577,,,,,
realmlp,all,86,0.021740790867411038,0.1026204526424408,0.5984278917312622,0.1475544422864914,0.3444101810455322,0.028577712090576395,0.045579473214114416,0.6543717980384827,0.0,
realmlp,kpx_group_1,86,0.024454107645022517,0.0857844203710556,0.6182109117507935,0.13000652194023132,0.36642831563949585,,,,,
realmlp,kpx_group_2,86,0.022150395246332184,0.08881717175245285,0.648036539554596,0.15043430030345917,0.44650739431381226,,,,,
realmlp,kpx_group_3,86,0.018617870395674425,0.13325974345207214,0.5290361046791077,0.16222254931926727,0.2202947735786438,,,,,
realmlp,all,87,0.021257069975356844,0.10316761583089828,0.5949031114578247,0.14791685342788696,0.33772310614585876,0.027987830916090924,0.044871738564003914,0.6669771075248718,0.0,
realmlp,kpx_group_1,87,0.02402807807768969,0.08715745061635971,0.6103300452232361,0.13085927069187164,0.3515193462371826,,,,,
realmlp,kpx_group_2,87,0.021565962528042933,0.08895263820886612,0.645788311958313,0.15054520964622498,0.4421218931674957,,,,,
realmlp,kpx_group_3,87,0.01817716973121552,0.13339278101921082,0.5285910367965698,0.16234606504440308,0.21952815353870392,,,,,
realmlp,all,88,0.021029735477093386,0.10297150164842606,0.5959674119949341,0.14740818738937378,0.33934298157691956,0.027592030107317603,0.043748628402895784,0.6642787456512451,0.0,
realmlp,kpx_group_1,88,0.023708354161285302,0.08677463978528976,0.6106600165367126,0.13035687804222107,0.35167697072029114,,,,,
realmlp,kpx_group_2,88,0.021431269617203402,0.08903338015079498,0.6465294361114502,0.1501130312681198,0.4431719183921814,,,,,
realmlp,kpx_group_3,88,0.017949583721073234,0.13310649991035461,0.5307127237319946,0.16175466775894165,0.22318010032176971,,,,,
realmlp,all,89,0.020750075578689575,0.10332655906677246,0.5973606109619141,0.14770661294460297,0.3424278199672699,0.027288772056207937,0.043591304846546226,0.6669836640357971,0.0,
realmlp,kpx_group_1,89,0.02361814335317296,0.08674614131450653,0.6137281656265259,0.13048776984214783,0.3579440712928772,,,,,
realmlp,kpx_group_2,89,0.02107349060037557,0.0888756811618805,0.6487401723861694,0.15010985732078552,0.4475902318954468,,,,,
realmlp,kpx_group_3,89,0.017558592714040595,0.13435786962509155,0.5296134948730469,0.16252224147319794,0.2217491865158081,,,,,
realmlp,all,90,0.020520201089846736,0.10257077217102051,0.5982485413551331,0.14739108085632324,0.34388816356658936,0.02685668659122551,0.04224323563496856,0.670377254486084,0.0,
realmlp,kpx_group_1,90,0.023275853134691715,0.0863305926322937,0.6139310598373413,0.13027548789978027,0.3581376373767853,,,,,
realmlp,kpx_group_2,90,0.02094298042356968,0.08877456188201904,0.6505576372146606,0.1501569300889969,0.45127224922180176,,,,,
realmlp,kpx_group_3,90,0.017341769451056335,0.1326071172952652,0.5302569270133972,0.16174082458019257,0.2222546637058258,,,,,
realmlp,all,91,0.02039999922956614,0.10313767194747925,0.5972627997398376,0.14772973954677582,0.34225523471832275,0.02673709554159466,0.04224730491199914,0.6708927154541016,0.0,
realmlp,kpx_group_1,91,0.02317856641157585,0.08686865121126175,0.6129913330078125,0.13067032396793365,0.3566529154777527,,,,,
realmlp,kpx_group_2,91,0.02073714805438238,0.08900003135204315,0.6487008929252625,0.1502450853586197,0.4476468861103058,,,,,
realmlp,kpx_group_3,91,0.017284283606225952,0.13354435563087463,0.5300960540771484,0.16227379441261292,0.22246593236923218,,,,,
realmlp,all,92,0.02031794549239909,0.10312972217798233,0.5975844264030457,0.14774571359157562,0.3429146707057953,0.026577366159900147,0.04172946912619997,0.6712668538093567,0.0,
realmlp,kpx_group_1,92,0.023186830283306977,0.086708664894104,0.613570511341095,0.1305893361568451,0.35773035883903503,,,,,
realmlp,kpx_group_2,92,0.020744052003411687,0.08897176384925842,0.6494112610816956,0.1502717137336731,0.4490942656993866,,,,,
realmlp,kpx_group_3,92,0.017022954204174524,0.13370877504348755,0.5297716856002808,0.16237607598304749,0.22191937267780304,,,,,
realmlp,all,93,0.02030831131645862,0.10315889120101929,0.5974852442741394,0.147711381316185,0.342681884765625,0.02655534032622681,0.04164685593808398,0.6710677146911621,0.0,
realmlp,kpx_group_1,93,0.02311751273844172,0.08674474060535431,0.6134004592895508,0.13057297468185425,0.3573739528656006,,,,,
realmlp,kpx_group_2,93,0.020731793250888586,0.08896644413471222,0.6494455933570862,0.150203138589859,0.4490942656993866,,,,,
realmlp,kpx_group_3,93,0.017075628590057877,0.13376547396183014,0.5296096801757812,0.16235803067684174,0.22157740592956543,,,,,
realmlp,all,94,0.02025701357599567,0.10314271599054337,0.5975485444068909,0.14771540462970734,0.3428124487400055,0.026446566971785882,0.04126368649303913,0.6711601614952087,0.0,
realmlp,kpx_group_1,94,0.023098586565431428,0.08670900762081146,0.6134382486343384,0.13055500388145447,0.3574315011501312,,,,,
realmlp,kpx_group_2,94,0.02072504729799488,0.08896946907043457,0.6495965123176575,0.15023544430732727,0.4494284689426422,,,,,
realmlp,kpx_group_3,94,0.016947407672619996,0.13374967873096466,0.529610812664032,0.16235575079917908,0.22157740592956543,,,,,
realmlp,all,95,0.020290074678247467,0.10320886969566345,0.5969949960708618,0.14781104028224945,0.3418009579181671,0.0265030522885568,0.041419849402325994,0.6714828014373779,0.0,
realmlp,kpx_group_1,95,0.023174972273409367,0.08653531968593597,0.6132211685180664,0.13049201667308807,0.3569343090057373,,,,,
realmlp,kpx_group_2,95,0.020851900225833934,0.08899502456188202,0.6483449935913086,0.15039627254009247,0.4470862150192261,,,,,
realmlp,kpx_group_3,95,0.01684335175463382,0.13409627974033356,0.5294188261032104,0.16254478693008423,0.22138240933418274,,,,,
realmlp,all,96,0.020371585372177994,0.10300729423761368,0.5968104004859924,0.14775748550891876,0.34137824177742004,0.026625977418221095,0.0416959464440451,0.6708987355232239,0.0,
realmlp,kpx_group_1,96,0.02320949946913649,0.08641894161701202,0.6136367321014404,0.13051486015319824,0.3577883541584015,,,,,
realmlp,kpx_group_2,96,0.02068458987838205,0.08904630690813065,0.6483897566795349,0.15040887892246246,0.4471883773803711,,,,,
realmlp,kpx_group_3,96,0.017220666522488874,0.13355663418769836,0.5284046530723572,0.16234873235225677,0.21915805339813232,,,,,
realmlp,all,97,0.0204181368188823,0.10332738608121872,0.5966429114341736,0.14805537462234497,0.34134116768836975,0.026633454568903234,0.041435449712854976,0.6731986999511719,0.0,
realmlp,kpx_group_1,97,0.023220078608788112,0.08689644187688828,0.6126298904418945,0.1308087259531021,0.3560684323310852,,,,,
realmlp,kpx_group_2,97,0.02084330759723397,0.08915269374847412,0.6478865146636963,0.15062133967876434,0.4463944435119629,,,,,
realmlp,kpx_group_3,97,0.01719102420953705,0.13393303751945496,0.5294122695922852,0.16273604333400726,0.22156064212322235,,,,,
realmlp,all,98,0.020392318667076966,0.10322368890047073,0.5960824489593506,0.1480739265680313,0.3402388095855713,0.026627437348532325,0.04156745657982195,0.6752464175224304,0.0,
realmlp,kpx_group_1,98,0.023276152719250497,0.08698628842830658,0.6102692484855652,0.13084998726844788,0.35138848423957825,,,,,
realmlp,kpx_group_2,98,0.020804202841485247,0.08930303156375885,0.6487377882003784,0.15107770264148712,0.44855332374572754,,,,,
realmlp,kpx_group_3,98,0.017096599728307304,0.13338173925876617,0.5292403101921082,0.16229405999183655,0.22077466547489166,,,,,
realmlp,all,99,0.020503589609528288,0.10343503952026367,0.5964894890785217,0.1479644924402237,0.3409435451030731,0.026745857369592962,0.04161511668387581,0.6765329837799072,0.0,
realmlp,kpx_group_1,99,0.02330577830948374,0.08705423772335052,0.6129025816917419,0.13083100318908691,0.3566361367702484,,,,,
realmlp,kpx_group_2,99,0.020926088176886824,0.08923851698637009,0.6478198170661926,0.15040543675422668,0.44604501128196716,,,,,
realmlp,kpx_group_3,99,0.017278902479173505,0.1340123862028122,0.5287461876869202,0.1626570075750351,0.22014935314655304,,,,,
realmlp,all,100,0.020638835972503704,0.10401459783315659,0.5949390530586243,0.14848272502422333,0.33836087584495544,0.02698447960702812,0.042304287116755455,0.6774663329124451,0.0,
realmlp,kpx_group_1,100,0.023411663002608454,0.08727289736270905,0.6097195148468018,0.1310824453830719,0.35052141547203064,,,,,
realmlp,kpx_group_2,100,0.02098500232814866,0.08923198282718658,0.6472146511077881,0.15081839263439178,0.44524773955345154,,,,,
realmlp,kpx_group_3,100,0.017519843025023445,0.13553890585899353,0.5278831124305725,0.1635473221540451,0.21931354701519012,,,,,
realmlp,all,101,0.020656449994181886,0.10314232110977173,0.5958461165428162,0.14796102046966553,0.339653342962265,0.026947278200703507,0.04193885186139275,0.6844952702522278,0.0,
realmlp,kpx_group_1,101,0.023227410747067016,0.08630824834108353,0.613366425037384,0.13041701912879944,0.3571498692035675,,,,,
realmlp,kpx_group_2,101,0.02120952998452327,0.08911062777042389,0.6480090618133545,0.15058840811252594,0.44660645723342896,,,,,
realmlp,kpx_group_3,101,0.017532410017926905,0.13400806486606598,0.5261629819869995,0.16287770867347717,0.215203657746315,,,,,
realmlp,all,102,0.020878736367997003,0.10372591763734818,0.596611738204956,0.1481495499610901,0.3413729965686798,0.02732583896859604,0.042980683090932226,0.6844451427459717,0.0,
realmlp,kpx_group_1,102,0.023457479526234025,0.08687736093997955,0.6121571660041809,0.13078352808952332,0.3550979197025299,,,,,
realmlp,kpx_group_2,102,0.021226439104579827,0.08922581374645233,0.6481789350509644,0.15062810480594635,0.44698596000671387,,,,,
realmlp,kpx_group_3,102,0.017952290144475067,0.13507455587387085,0.5294990539550781,0.1630369871854782,0.22203510999679565,,,,,
realmlp,all,103,0.02099364631644943,0.10311781615018845,0.5979136824607849,0.1477176398038864,0.34354498982429504,0.027475015588981265,0.043209126383504444,0.690610408782959,0.0,
realmlp,kpx_group_1,103,0.023686765528777066,0.08601558208465576,0.6161381006240845,0.1300012767314911,0.3622775375843048,,,,,
realmlp,kpx_group_2,103,0.021383256185799837,0.08881960809230804,0.6484206914901733,0.15018385648727417,0.44702523946762085,,,,,
realmlp,kpx_group_3,103,0.017910917933263323,0.13451826572418213,0.5291822552680969,0.16296780109405518,0.22133232653141022,,,,,
realmlp,all,104,0.021214880898375723,0.10263179987668991,0.5957036018371582,0.14780496060848236,0.3392120599746704,0.027771123082322234,0.043708279564538426,0.6852596402168274,0.0,
realmlp,kpx_group_1,104,0.023845449720016298,0.08702298998832703,0.6119390726089478,0.13080821931362152,0.3546863794326782,,,,,
realmlp,kpx_group_2,104,0.021475156769156456,0.08890146017074585,0.6480761170387268,0.1505693793296814,0.446721613407135,,,,,
realmlp,kpx_group_3,104,0.018324035932036006,0.13197094202041626,0.5270954966545105,0.16203725337982178,0.21622827649116516,,,,,
realmlp,all,105,0.02138761367977542,0.10311168432235718,0.5972920060157776,0.14787934720516205,0.34246334433555603,0.02801628432729665,0.04419113755883539,0.6823278069496155,0.0,
realmlp,kpx_group_1,105,0.023894199608441663,0.08564580976963043,0.6187199354171753,0.12977024912834167,0.36721017956733704,,,,,
realmlp,kpx_group_2,105,0.021604490521199563,0.08860491961240768,0.6473169326782227,0.15023484826087952,0.44486871361732483,,,,,
realmlp,kpx_group_3,105,0.01866415047141559,0.1350843608379364,0.52583909034729,0.16363292932510376,0.21531111001968384,,,,,
realmlp,all,106,0.021550649749662948,0.10331472009420395,0.5942812561988831,0.14790880680084229,0.3364713490009308,0.028237601523013675,0.044579676571576035,0.6853693127632141,0.0,
realmlp,kpx_group_1,106,0.02412987722303061,0.0867474377155304,0.6091138124465942,0.1309426724910736,0.34917035698890686,,,,,
realmlp,kpx_group_2,106,0.02182337428059648,0.08856111764907837,0.6452604532241821,0.14987410604953766,0.4403949975967407,,,,,
realmlp,kpx_group_3,106,0.01869869777275359,0.13463559746742249,0.5284695625305176,0.162909597158432,0.21984870731830597,,,,,
realmlp,all,107,0.021893549491377437,0.10216712951660156,0.5979644656181335,0.14699456095695496,0.34292349219322205,0.028687236721024793,0.045291246134130395,0.6779130101203918,0.0,
realmlp,kpx_group_1,107,0.024428792845676926,0.0865614265203476,0.6092032194137573,0.1299268901348114,0.3483334183692932,,,,,
realmlp,kpx_group_2,107,0.02212878196116756,0.08808306604623795,0.6537965536117554,0.1496688276529312,0.45726197957992554,,,,,
realmlp,kpx_group_3,107,0.019123073995989913,0.13185691833496094,0.5308936238288879,0.16138795018196106,0.22317519783973694,,,,,
realmlp,all,108,0.022142698467873475,0.10357262939214706,0.5961563587188721,0.14836259186267853,0.34067532420158386,0.0290506481028655,0.046052995083086634,0.6670863628387451,0.0,
realmlp,kpx_group_1,108,0.024550537523977897,0.08664252609014511,0.6104868054389954,0.13097451627254486,0.3519481420516968,,,,,
realmlp,kpx_group_2,108,0.02236090658013435,0.08917559683322906,0.6487533450126648,0.1507062017917633,0.4482128918170929,,,,,
realmlp,kpx_group_3,108,0.019516651217332658,0.13489973545074463,0.529228925704956,0.16340704262256622,0.22186489403247833,,,,,
realmlp,all,109,0.022222839925876436,0.10309027880430222,0.5941799879074097,0.1475992053747177,0.33595916628837585,0.02924850703600575,0.04683778084376279,0.673050582408905,0.0,
realmlp,kpx_group_1,109,0.02476483498535612,0.08746547996997833,0.6044658422470093,0.13055771589279175,0.3394894003868103,,,,,
realmlp,kpx_group_2,109,0.022320330827770865,0.08885136246681213,0.6488785743713379,0.14996658265590668,0.44772374629974365,,,,,
realmlp,kpx_group_3,109,0.019583352923612383,0.13295398652553558,0.5291955471038818,0.16227330267429352,0.220664381980896,,,,,
realmlp,all,110,0.022556673351894405,0.10398168116807938,0.5935211777687073,0.1481415182352066,0.33518385887145996,0.029691502150586423,0.047565525288090986,0.6669386029243469,0.0,
realmlp,kpx_group_1,110,0.024992339669124168,0.08773232996463776,0.607685923576355,0.13139040768146515,0.3467622697353363,,,,,
realmlp,kpx_group_2,110,0.022594508495839202,0.08908620476722717,0.6441513299942017,0.1502036154270172,0.43850621581077576,,,,,
realmlp,kpx_group_3,110,0.020083171644193286,0.1351265162229538,0.52872633934021,0.16283051669597626,0.2202831506729126,,,,,
realmlp,all,111,0.022678233655717445,0.10256323963403702,0.5950725674629211,0.14768341183662415,0.33782854676246643,0.029947383603190676,0.04846099709324977,0.6639237999916077,0.0,
realmlp,kpx_group_1,111,0.025012452566229245,0.08559708297252655,0.6110737919807434,0.13013547658920288,0.3522830307483673,,,,,
realmlp,kpx_group_2,111,0.022842406048713362,0.08906428515911102,0.645512580871582,0.1506834775209427,0.44170868396759033,,,,,
realmlp,kpx_group_3,111,0.020179842297426042,0.13302835822105408,0.5286313891410828,0.16223129630088806,0.2194940745830536,,,,,
realmlp,all,112,0.0228211536510464,0.10043007880449295,0.5985716581344604,0.14633238315582275,0.34347572922706604,0.030231482294552466,0.049402188893188446,0.6615188717842102,0.0,
realmlp,kpx_group_1,112,0.025087239522048655,0.08521026372909546,0.6159298419952393,0.12926068902015686,0.3611203134059906,,,,,
realmlp,kpx_group_2,112,0.022750003564664546,0.0883563905954361,0.6490827798843384,0.15012085437774658,0.44828638434410095,,,,,
realmlp,kpx_group_3,112,0.020626217811642325,0.1277236044406891,0.5307024717330933,0.15961557626724243,0.22102056443691254,,,,,
realmlp,all,113,0.023193079101688722,0.10155125707387924,0.6012797951698303,0.1476714015007019,0.35023102164268494,0.030516040977090597,0.048819744740338886,0.6629173755645752,0.0,
realmlp,kpx_group_1,113,0.02520709580687039,0.08214861154556274,0.6276211738586426,0.12854275107383728,0.3837851285934448,,,,,
realmlp,kpx_group_2,113,0.02324548108941492,0.08761312067508698,0.6473701000213623,0.15018828213214874,0.44492843747138977,,,,,
realmlp,kpx_group_3,113,0.021126661093576866,0.13489201664924622,0.5288481116294861,0.1642831414937973,0.22197934985160828,,,,,
realmlp,all,114,0.023385358043015003,0.10161203145980835,0.5988933444023132,0.14709730446338654,0.3448839485645294,0.03085197346723255,0.0497774322900702,0.6460610032081604,0.0,
realmlp,kpx_group_1,114,0.025552267893491423,0.08533419668674469,0.616809606552124,0.12913087010383606,0.3627501130104065,,,,,
realmlp,kpx_group_2,114,0.02332278516362695,0.08931665122509003,0.6489120721817017,0.15098047256469727,0.448804646730423,,,,,
realmlp,kpx_group_3,114,0.021281021811506328,0.13018523156642914,0.5309582948684692,0.16118057072162628,0.22309719026088715,,,,,
realmlp,all,115,0.023368949892328066,0.10228706151247025,0.593887984752655,0.14786212146282196,0.3356381356716156,0.030813779764096525,0.04963219565722872,0.6518864631652832,0.0,
realmlp,kpx_group_1,115,0.025479271651848275,0.08581675589084625,0.6116936802864075,0.13057391345500946,0.3539612889289856,,,,,
realmlp,kpx_group_2,115,0.023348880082587984,0.08935840427875519,0.642387330532074,0.1511537730693817,0.43592849373817444,,,,,
realmlp,kpx_group_3,115,0.02127869799733162,0.1316860318183899,0.5275829434394836,0.1618586778640747,0.21702460944652557,,,,,
realmlp,all,116,0.023679152651525596,0.10213261097669601,0.5953633189201355,0.14821012318134308,0.3389367163181305,0.031327894176630414,0.0509916104047614,0.6342849731445312,0.0,
realmlp,kpx_group_1,116,0.025904564953902188,0.08584117889404297,0.6138250827789307,0.13117441534996033,0.35882461071014404,,,,,
realmlp,kpx_group_2,116,0.023470301728914764,0.08906106650829315,0.6466477513313293,0.15131254494190216,0.44460800290107727,,,,,
realmlp,kpx_group_3,116,0.0216625906417475,0.13149558007717133,0.5256170630455017,0.16214343905448914,0.21337756514549255,,,,,
realmlp,all,117,0.023967277176459047,0.10204577445983887,0.59649658203125,0.14732779562473297,0.34032103419303894,0.031825531274080276,0.05238836192909409,0.6396239399909973,0.0,
realmlp,kpx_group_1,117,0.025856520268408692,0.08738954365253448,0.6096857786178589,0.13114577531814575,0.3505173921585083,,,,,
realmlp,kpx_group_2,117,0.023828624117681208,0.0881352424621582,0.6473124027252197,0.1498035043478012,0.44442829489707947,,,,,
realmlp,kpx_group_3,117,0.02221668612978914,0.1306125521659851,0.5324916243553162,0.16103413701057434,0.22601737082004547,,,,,
realmlp,all,118,0.024026009308941224,0.10179591178894043,0.5995908975601196,0.14630281925201416,0.3454846143722534,0.031649123959462434,0.05082076442811419,0.6254653334617615,0.0,
realmlp,kpx_group_1,118,0.0257674315944314,0.08526067435741425,0.6196447014808655,0.12890146672725677,0.3681908845901489,,,,,
realmlp,kpx_group_2,118,0.023901537170304972,0.0879862979054451,0.6499184966087341,0.14907340705394745,0.4489104449748993,,,,,
realmlp,kpx_group_3,118,0.022409059545573068,0.13214072585105896,0.5292094945907593,0.16093355417251587,0.21935254335403442,,,,,
realmlp,all,119,0.024130138239878064,0.10147901624441147,0.5915541648864746,0.14694726467132568,0.3300555646419525,0.031917475739165264,0.0519155821598628,0.6453470587730408,0.0,
realmlp,kpx_group_1,119,0.025945508441723445,0.08741778135299683,0.5982412099838257,0.1309267282485962,0.3274090886116028,,,,,
realmlp,kpx_group_2,119,0.02385672096930006,0.08755341172218323,0.6484576463699341,0.14933019876480103,0.4462454617023468,,,,,
realmlp,kpx_group_3,119,0.022588184870341244,0.12946581840515137,0.5279635787010193,0.16058489680290222,0.21651212871074677,,,,,
realmlp,all,120,0.024351669968489337,0.10177945345640182,0.5977744460105896,0.14631915092468262,0.3418680429458618,0.032015345278469956,0.05109116698012633,0.6526958346366882,0.0,
realmlp,kpx_group_1,120,0.026203986394273883,0.08594559878110886,0.6154186725616455,0.12927529215812683,0.36011266708374023,,,,,
realmlp,kpx_group_2,120,0.02413117469233625,0.08812026679515839,0.6478562355041504,0.14879365265369415,0.44450607895851135,,,,,
realmlp,kpx_group_3,120,0.022719849120168126,0.13127249479293823,0.5300484895706177,0.16088850796222687,0.22098542749881744,,,,,
realmlp,all,121,0.02426154462291914,0.1043437197804451,0.5893902778625488,0.14952626824378967,0.3283069431781769,0.03206910535364466,0.0520504007992499,0.6430925726890564,0.0,
realmlp,kpx_group_1,121,0.026084533947355607,0.08995088934898376,0.5899943113327026,0.13281938433647156,0.31280797719955444,,,,,
realmlp,kpx_group_2,121,0.024124742293839947,0.08909789472818375,0.6501414775848389,0.1524593085050583,0.45274224877357483,,,,,
realmlp,kpx_group_3,121,0.022575359024545726,0.1339823603630066,0.5280352234840393,0.16330014169216156,0.21937060356140137,,,,,
realmlp,all,122,0.02431901796337436,0.10221215337514877,0.5940925478935242,0.14805644750595093,0.33624157309532166,0.031905587023014534,0.050577125785981905,0.639648973941803,0.0,
realmlp,kpx_group_1,122,0.026146601748597974,0.08598294854164124,0.6068819761276245,0.1306920200586319,0.34445589780807495,,,,,
realmlp,kpx_group_2,122,0.02398702220114715,0.08775538951158524,0.6462425589561462,0.15065312385559082,0.4431382715702057,,,,,
realmlp,kpx_group_3,122,0.022823429447324836,0.13289812207221985,0.5291532278060913,0.16282415390014648,0.2211305946111679,,,,,
realmlp,all,123,0.02453109950703733,0.10161235183477402,0.5908048152923584,0.14594867825508118,0.32755836844444275,0.03226230101769462,0.05154134086607134,0.6147984862327576,0.0,
realmlp,kpx_group_1,123,0.02627707546686425,0.08827425539493561,0.5984691977500916,0.13058780133724213,0.32752618193626404,,,,,
realmlp,kpx_group_2,123,0.02438020859571064,0.08687616139650345,0.6455689668655396,0.14735190570354462,0.4384898245334625,,,,,
realmlp,kpx_group_3,123,0.022936014759847346,0.1296866536140442,0.5283764004707336,0.1599063277244568,0.21665911376476288,,,,,
realmlp,all,124,0.024395282407674718,0.10292712599039078,0.5938001275062561,0.14769010245800018,0.33529046177864075,0.032061967916567534,0.05111123446155997,0.6428554058074951,0.0,
realmlp,kpx_group_1,124,0.026053292978116694,0.0872819572687149,0.6044857501983643,0.1304759681224823,0.3394475281238556,,,,,
realmlp,kpx_group_2,124,0.02407362432602574,0.08787500858306885,0.6508386135101318,0.1500886082649231,0.45176589488983154,,,,,
realmlp,kpx_group_3,124,0.02305892972713884,0.13362444937229156,0.526076078414917,0.16250573098659515,0.21465788781642914,,,,,
realmlp,all,125,0.024641347802518046,0.1009126529097557,0.5955837368965149,0.1467333883047104,0.33790096640586853,0.03235440156148637,0.05142035905052634,0.6244507431983948,0.0,
realmlp,kpx_group_1,125,0.026224938878679976,0.08454123139381409,0.6148687601089478,0.1293007731437683,0.3590383231639862,,,,,
realmlp,kpx_group_2,125,0.024286786998238635,0.0873558297753334,0.6471619009971619,0.14930742979049683,0.44363120198249817,,,,,
realmlp,kpx_group_3,125,0.02341231670888031,0.13084086775779724,0.5247206687927246,0.16159199178218842,0.21103334426879883,,,,,
realmlp,all,126,0.024629935896133676,0.10103422403335571,0.5945562124252319,0.14584802091121674,0.33496037125587463,0.0322261075489223,0.050641141010119635,0.6251773834228516,0.0,
realmlp,kpx_group_1,126,0.02634476464899147,0.08554795384407043,0.6051925420761108,0.12930645048618317,0.33969148993492126,,,,,
realmlp,kpx_group_2,126,0.024171336800517404,0.08657006174325943,0.646325945854187,0.14781834185123444,0.44047021865844727,,,,,
realmlp,kpx_group_3,126,0.0233737070880392,0.13098466396331787,0.532150149345398,0.1604192554950714,0.22471949458122253,,,,,
realmlp,all,127,0.024488657904679283,0.09892112016677856,0.5987851619720459,0.14517657458782196,0.34274694323539734,0.03220105535515091,0.051415981670074606,0.6152572631835938,0.0,
realmlp,kpx_group_1,127,0.026094459736829296,0.08271844685077667,0.6210971474647522,0.12823189795017242,0.370426207780838,,,,,
realmlp,kpx_group_2,127,0.024036290041883204,0.08762723207473755,0.6468181610107422,0.1490049511194229,0.4426411986351013,,,,,
realmlp,kpx_group_3,127,0.023335223825757995,0.12641766667366028,0.5284402966499329,0.15829284489154816,0.21517345309257507,,,,,
realmlp,all,128,0.024229422348606235,0.10159722715616226,0.5945369601249695,0.14590688049793243,0.33498093485832214,0.03167738469646258,0.04965307842940092,0.6206747889518738,0.0,
realmlp,kpx_group_1,128,0.02571557933355079,0.08713197708129883,0.6066489815711975,0.12934167683124542,0.34263965487480164,,,,,
realmlp,kpx_group_2,128,0.02397681972669328,0.0870232954621315,0.6486254334449768,0.14713089168071747,0.4443817734718323,,,,,
realmlp,kpx_group_3,128,0.022995868095142,0.13063639402389526,0.5283366441726685,0.1612480729818344,0.21792134642601013,,,,,
realmlp,all,129,0.024353942614706123,0.10189858824014664,0.5887675285339355,0.14674992859363556,0.3242848813533783,0.03173568759880522,0.04921163043335957,0.6230993270874023,0.0,
realmlp,kpx_group_1,129,0.025640813907717958,0.08738934993743896,0.6007314324378967,0.13102011382579803,0.3324829936027527,,,,,
realmlp,kpx_group_2,129,0.023930462515529466,0.08789367973804474,0.6363116502761841,0.14849740266799927,0.42112067341804504,,,,,
realmlp,kpx_group_3,129,0.023490551612613833,0.1304127424955368,0.5292593240737915,0.16073231399059296,0.21925102174282074,,,,,
realmlp,all,130,0.02449343421989504,0.10064136981964111,0.5884526371955872,0.14644478261470795,0.3233500123023987,0.03168267581392737,0.04792827636222629,0.6461766362190247,0.0,
realmlp,kpx_group_1,130,0.025852457044974846,0.08613483607769012,0.6026255488395691,0.12997062504291534,0.33522170782089233,,,,,
realmlp,kpx_group_2,130,0.024081731269903043,0.08696069568395615,0.6375398635864258,0.14827771484851837,0.42335742712020874,,,,,
realmlp,kpx_group_3,130,0.023546113796970424,0.12882858514785767,0.5251924395561218,0.16108596324920654,0.2114708572626114,,,,,
realmlp,all,131,0.02407360096078585,0.10261037945747375,0.5928673148155212,0.14631006121635437,0.3320445716381073,0.031236300053184524,0.04775132989401326,0.6361384987831116,0.0,
realmlp,kpx_group_1,131,0.025462747332366073,0.08817698061466217,0.6088262796401978,0.13099077343940735,0.34864336252212524,,,,,
realmlp,kpx_group_2,131,0.023716875105438864,0.08725794404745102,0.6459150314331055,0.14729906618595123,0.4391290843486786,,,,,
realmlp,kpx_group_3,131,0.023041178938001394,0.13239619135856628,0.5238604545593262,0.16064034402370453,0.20836132764816284,,,,,
realmlp,all,132,0.023775461458546275,0.10158378630876541,0.5917187333106995,0.14656689763069153,0.33000436425209045,0.030783017494660968,0.046717042541679216,0.6246397495269775,0.0,
realmlp,kpx_group_1,132,0.02511077741270556,0.08750173449516296,0.6025000810623169,0.13029630482196808,0.33529648184776306,,,,,
realmlp,kpx_group_2,132,0.023525494863005245,0.08666099607944489,0.648078203201294,0.147440105676651,0.4435965418815613,,,,,
realmlp,kpx_group_3,132,0.022690112045144335,0.1305886059999466,0.5245779156684875,0.1619642674922943,0.2111201137304306,,,,,
realmlp,all,133,0.023501612739089656,0.10252112150192261,0.5951669812202454,0.14743106067180634,0.337765097618103,0.030342182719751316,0.045603797606685585,0.6398141980171204,0.0,
realmlp,kpx_group_1,133,0.024872539647142675,0.08683089166879654,0.6099071502685547,0.1300322413444519,0.3498464822769165,,,,,
realmlp,kpx_group_2,133,0.023341999991851693,0.08854915201663971,0.6484625935554504,0.15049418807029724,0.4474194347858429,,,,,
realmlp,kpx_group_3,133,0.02229029926307061,0.13218331336975098,0.5271313190460205,0.16176675260066986,0.21602940559387207,,,,,
realmlp,all,134,0.02357595876845367,0.10092873126268387,0.5978500843048096,0.14616020023822784,0.34186050295829773,0.030229502165799633,0.04435695351704078,0.651143491268158,0.0,
realmlp,kpx_group_1,134,0.0249232484082527,0.08505755662918091,0.6165193319320679,0.1292022466659546,0.36224088072776794,,,,,
realmlp,kpx_group_2,134,0.023223484537619,0.086382195353508,0.6486613750457764,0.14776377379894257,0.4450865685939789,,,,,
realmlp,kpx_group_3,134,0.022581144044285312,0.1313464343547821,0.5283697247505188,0.16151456534862518,0.21825401484966278,,,,,
realmlp,all,135,0.02313554530744167,0.10404946655035019,0.5891922116279602,0.14823557436466217,0.32662007212638855,0.029659408309003887,0.04349241778254509,0.6537519097328186,0.0,
realmlp,kpx_group_1,135,0.024126446559367812,0.08911558985710144,0.6041567921638489,0.13195298612117767,0.34026655554771423,,,,,
realmlp,kpx_group_2,135,0.02285052022403654,0.08912581205368042,0.6353427767753601,0.15023872256278992,0.4209243357181549,,,,,
realmlp,kpx_group_3,135,0.022429668426732805,0.1339069902896881,0.5280771851539612,0.1625150740146637,0.2186693698167801,,,,,
realmlp,all,136,0.022865641643019283,0.10381954908370972,0.5869484543800354,0.14670483767986298,0.32060179114341736,0.029198660570032457,0.042220124043524265,0.6497044563293457,0.0,
realmlp,kpx_group_1,136,0.024143036756226244,0.09203557670116425,0.5962684154510498,0.13282670080661774,0.3253634572029114,,,,,
realmlp,kpx_group_2,136,0.022468607324887726,0.08826105296611786,0.6372731924057007,0.14706100523471832,0.42160743474960327,,,,,
realmlp,kpx_group_3,136,0.021985281094470444,0.13116200268268585,0.5273038744926453,0.16022679209709167,0.2148345410823822,,,,,
realmlp,all,137,0.022495106163927737,0.10419765114784241,0.5889580845832825,0.14710195362567902,0.32501813769340515,0.02862551186562461,0.04086937059593551,0.6445744633674622,0.0,
realmlp,kpx_group_1,137,0.023594548076610353,0.09236090630292892,0.5976860523223877,0.13344547152519226,0.32881760597229004,,,,,
realmlp,kpx_group_2,137,0.022366144831347114,0.08833233267068863,0.6363725066184998,0.14795643091201782,0.42070144414901733,,,,,
realmlp,kpx_group_3,137,0.021524626432972795,0.13189969956874847,0.5328157544136047,0.15990395843982697,0.22553545236587524,,,,,
realmlp,all,138,0.02221665972405497,0.10240324586629868,0.5895950198173523,0.14601556956768036,0.32520562410354614,0.02819694280076553,0.039868551717304135,0.6527714729309082,0.0,
realmlp,kpx_group_1,138,0.02349464748712147,0.09070956707000732,0.5950860977172852,0.1316017359495163,0.3217740058898926,,,,,
realmlp,kpx_group_2,138,0.02201821665991755,0.08728146553039551,0.6435209512710571,0.14729063212871552,0.4343324899673462,,,,,
realmlp,kpx_group_3,138,0.021137113929452264,0.1292186826467514,0.5301780104637146,0.15915432572364807,0.21951036155223846,,,,,
realmlp,all,139,0.021713106591692743,0.10130462050437927,0.5934417843818665,0.1465982347726822,0.3334818184375763,0.027521271724253893,0.038721099961549044,0.6660433411598206,0.0,
realmlp,kpx_group_1,139,0.02272658871815485,0.0861995667219162,0.6073979139328003,0.13040238618850708,0.34519824385643005,,,,,
realmlp,kpx_group_2,139,0.021404226803604293,0.08701135218143463,0.6446244716644287,0.14804409444332123,0.43729305267333984,,,,,
realmlp,kpx_group_3,139,0.021008503842441476,0.130702942609787,0.5283029675483704,0.16134825348854065,0.21795415878295898,,,,,
realmlp,all,140,0.021596397218458793,0.10372167080640793,0.5846697688102722,0.14677847921848297,0.31611794233322144,0.02711826198569992,0.03681243112420335,0.6815947890281677,0.0,
realmlp,kpx_group_1,140,0.022807551739627823,0.09177874773740768,0.5886961221694946,0.13255754113197327,0.30994972586631775,,,,,
realmlp,kpx_group_2,140,0.021361371474888396,0.08695876598358154,0.637184202671051,0.14623500406742096,0.4206033945083618,,,,,
realmlp,kpx_group_3,140,0.020620268906521445,0.13242746889591217,0.5281289219856262,0.16154290735721588,0.21780075132846832,,,,,
realmlp,all,141,0.02114769079558113,0.10133496671915054,0.5925743579864502,0.14646759629249573,0.33161628246307373,0.026458962245241684,0.035408475162351835,0.6656336784362793,0.0,
realmlp,kpx_group_1,141,0.022259386585039252,0.08828607201576233,0.6039718985557556,0.13053369522094727,0.3384775221347809,,,,,
realmlp,kpx_group_2,141,0.020916603943880868,0.08803126215934753,0.6447033882141113,0.14956733584403992,0.43897414207458496,,,,,
realmlp,kpx_group_3,141,0.020267082104349837,0.12768758833408356,0.5290477275848389,0.1593017876148224,0.2173972725868225,,,,,
realmlp,all,142,0.02064538829247741,0.102009616792202,0.5925410389900208,0.14661842584609985,0.33170047402381897,0.025726997457882938,0.03387739407994291,0.6834042072296143,0.0,
realmlp,kpx_group_1,142,0.021902070325963637,0.08735208958387375,0.6043800711631775,0.13047701120376587,0.33923712372779846,,,,,
realmlp,kpx_group_2,142,0.020466554499066928,0.08665698766708374,0.6471750736236572,0.1472855508327484,0.4416356682777405,,,,,
realmlp,kpx_group_3,142,0.019567540518062955,0.1320197731256485,0.5260679721832275,0.16209274530410767,0.21422863006591797,,,,,
realmlp,all,143,0.02029918588917045,0.10060703754425049,0.5933253765106201,0.14510153234004974,0.3317522704601288,0.025146863697206274,0.032317851204425097,0.7026128768920898,0.0,
realmlp,kpx_group_1,143,0.021447958315120023,0.08926311135292053,0.5962485671043396,0.13039155304431915,0.32288864254951477,,,,,
realmlp,kpx_group_2,143,0.02013377327581539,0.08583825826644897,0.6499164700508118,0.146016925573349,0.4458498954772949,,,,,
realmlp,kpx_group_3,143,0.019315825857441214,0.12671975791454315,0.533811092376709,0.1588960886001587,0.22651822865009308,,,,,
realmlp,all,144,0.019823494449476984,0.10018283128738403,0.594178318977356,0.14582566916942596,0.33418238162994385,0.02447604144211201,0.031016979777418515,0.7120367884635925,0.0,
realmlp,kpx_group_1,144,0.020840012961450743,0.08630380034446716,0.6084191203117371,0.12937259674072266,0.34621086716651917,,,,,
realmlp,kpx_group_2,144,0.019745747777907288,0.08683635294437408,0.6452032327651978,0.14825217425823212,0.4386587142944336,,,,,
realmlp,kpx_group_3,144,0.01888472186949323,0.12740835547447205,0.5289126634597778,0.15985219180583954,0.2176775485277176,,,,,
realmlp,all,145,0.019468014648951152,0.10529299825429916,0.5873174071311951,0.1479334682226181,0.32256826758384705,0.024011325940270636,0.030288739896872464,0.7073444724082947,0.0,
realmlp,kpx_group_1,145,0.02056194603552713,0.09097256511449814,0.5930288434028625,0.13222017884254456,0.31827783584594727,,,,,
realmlp,kpx_group_2,145,0.019250174683025655,0.08780737221240997,0.6396436095237732,0.14779597520828247,0.42708322405815125,,,,,
realmlp,kpx_group_3,145,0.018591923611786437,0.137099027633667,0.5292797684669495,0.1637842059135437,0.22234375774860382,,,,,
realmlp,all,146,0.018917391980614734,0.1035027876496315,0.5877552032470703,0.14774750173091888,0.3232579529285431,0.02314362510600511,0.028174888342618942,0.7188467383384705,0.0,
realmlp,kpx_group_1,146,0.019916216459344414,0.08935141563415527,0.5974562168121338,0.13187843561172485,0.3267909288406372,,,,,
realmlp,kpx_group_2,146,0.018828023060718003,0.08769463002681732,0.6437625885009766,0.14803063869476318,0.43555575609207153,,,,,
realmlp,kpx_group_3,146,0.018007935517851043,0.1334623098373413,0.5220468640327454,0.1633334457874298,0.20742712914943695,,,,,
realmlp,all,147,0.018597301150507787,0.10278192907571793,0.590121865272522,0.14662450551986694,0.3268682360649109,0.02262587922022623,0.026857185013153973,0.7109835743904114,0.0,
realmlp,kpx_group_1,147,0.019521256908774376,0.08897968381643295,0.599947452545166,0.1306031197309494,0.33049798011779785,,,,,
realmlp,kpx_group_2,147,0.018528725732775295,0.08757959306240082,0.6388829946517944,0.1485331803560257,0.42629918456077576,,,,,
realmlp,kpx_group_3,147,0.017741921207155373,0.1317865252494812,0.5315351486206055,0.16073721647262573,0.22380748391151428,,,,,
realmlp,all,148,0.017967104857020518,0.1009904146194458,0.5921165347099304,0.14626868069171906,0.33050182461738586,0.021640281110782835,0.024487840997822145,0.7453787922859192,0.0,
realmlp,kpx_group_1,148,0.018955463351791397,0.08576101064682007,0.606261134147644,0.12950465083122253,0.3420269787311554,,,,,
realmlp,kpx_group_2,148,0.017884103252607232,0.08697356283664703,0.6443257331848145,0.14782732725143433,0.436478853225708,,,,,
realmlp,kpx_group_3,148,0.0170617475420894,0.1302366703748703,0.5257627964019775,0.1614741086959839,0.21299965679645538,,,,,
realmlp,all,149,0.0176388172651915,0.1050214171409607,0.5858747959136963,0.14821158349514008,0.31996122002601624,0.02123635311556213,0.023983571431873477,0.7171457409858704,0.0,
realmlp,kpx_group_1,149,0.018720658660373268,0.09068361669778824,0.5952379107475281,0.13242164254188538,0.32289740443229675,,,,,
realmlp,kpx_group_2,149,0.017578858526094872,0.08806481957435608,0.6364388465881348,0.14835220575332642,0.42122986912727356,,,,,
realmlp,kpx_group_3,149,0.01661693475976148,0.13631580770015717,0.5259477496147156,0.16386091709136963,0.2157563865184784,,,,,
realmlp,all,150,0.016962779192801786,0.10405313223600388,0.5850691795349121,0.14755772054195404,0.31769609451293945,0.02017934962778407,0.02144380204160424,0.7511877417564392,0.0,
realmlp,kpx_group_1,150,0.017930732930407804,0.08962379395961761,0.594616174697876,0.13161113858222961,0.32084351778030396,,,,,
realmlp,kpx_group_2,150,0.017117940409875968,0.08771723508834839,0.6371105909347534,0.14801453053951263,0.42223578691482544,,,,,
realmlp,kpx_group_3,150,0.015839664101162377,0.13481834530830383,0.5234807133674622,0.16304750740528107,0.21000894904136658,,,,,
realmlp,all,151,0.016532975563998607,0.10364104062318802,0.5873305201530457,0.1470532864332199,0.32171431183815,0.019706454237594324,0.021156522787778693,0.7648036479949951,0.0,
realmlp,kpx_group_1,151,0.017522652222610572,0.08963361382484436,0.5948311686515808,0.13138870894908905,0.32105106115341187,,,,,
realmlp,kpx_group_2,151,0.016599248451016405,0.08701625466346741,0.6420841813087463,0.14667561650276184,0.43084394931793213,,,,,
realmlp,kpx_group_3,151,0.01547702622380765,0.1342732459306717,0.5250762104988098,0.16309547424316406,0.2132478952407837,,,,,
realmlp,all,152,0.015977748258806327,0.10173360258340836,0.5931053161621094,0.14572511613368988,0.3319357931613922,0.018953209633336347,0.019836407442412832,0.7777345180511475,0.0,
realmlp,kpx_group_1,152,0.01695451489649713,0.08945256471633911,0.5945796966552734,0.13111010193824768,0.3202694356441498,,,,,
realmlp,kpx_group_2,152,0.01609282796818982,0.08658383786678314,0.6499295830726624,0.1470079869031906,0.4468671381473541,,,,,
realmlp,kpx_group_3,152,0.014885901541942182,0.1291644275188446,0.5348067879676819,0.15905722975730896,0.22867082059383392,,,,,
realmlp,all,153,0.015487282167134039,0.10382640361785889,0.5891802310943604,0.147065207362175,0.32542574405670166,0.018315156236948335,0.018852493575061944,0.7872646450996399,0.0,
realmlp,kpx_group_1,153,0.016421769471729502,0.08952488005161285,0.5974526405334473,0.13143250346183777,0.3263377547264099,,,,,
realmlp,kpx_group_2,153,0.015538135762600339,0.08677153289318085,0.6428585648536682,0.1467491239309311,0.4324662983417511,,,,,
realmlp,kpx_group_3,153,0.014501941116417156,0.13518281280994415,0.5272296071052551,0.1630140095949173,0.21747322380542755,,,,,
realmlp,all,154,0.01502746161456932,0.10369513183832169,0.5846752524375916,0.14715777337551117,0.31650814414024353,0.017465543084065702,0.01625387867748299,0.7965009808540344,0.0,
realmlp,kpx_group_1,154,0.015955145347534734,0.0923539400100708,0.5887069702148438,0.13306668400764465,0.310480535030365,,,,,
realmlp,kpx_group_2,154,0.015152916298521793,0.0878715068101883,0.6398735046386719,0.1472017914056778,0.42694881558418274,,,,,
realmlp,kpx_group_3,154,0.013974322622422786,0.13085995614528656,0.5254451632499695,0.16120484471321106,0.21209517121315002,,,,,
realmlp,all,155,0.014452233595554443,0.10489390045404434,0.5830898880958557,0.14754314720630646,0.31372299790382385,0.016694989658015615,0.014951706658500959,0.8087897300720215,0.0,
realmlp,kpx_group_1,155,0.015397500082412186,0.09259051829576492,0.5848844051361084,0.13304583728313446,0.3028146028518677,,,,,
realmlp,kpx_group_2,155,0.01454303553327918,0.08740553259849548,0.6356595754623413,0.14688797295093536,0.4182071089744568,,,,,
realmlp,kpx_group_3,155,0.013416165349018924,0.13468565046787262,0.528725802898407,0.16269566118717194,0.2201472818851471,,,,,
realmlp,all,156,0.01403711159603999,0.10129860043525696,0.5914688110351562,0.14564208686351776,0.32857972383499146,0.01603883395300192,0.01334481461740592,0.8425163626670837,0.0,
realmlp,kpx_group_1,156,0.014892560142256758,0.0874822586774826,0.6016567945480347,0.13018682599067688,0.33350038528442383,,,,,
realmlp,kpx_group_2,156,0.014121550354449189,0.08557132631540298,0.645794689655304,0.14555694162845612,0.43714627623558044,,,,,
realmlp,kpx_group_3,156,0.013097223949016017,0.1308421939611435,0.5269550681114197,0.1611824482679367,0.21509259939193726,,,,,
realmlp,all,157,0.013387465082547245,0.10309132933616638,0.5920473337173462,0.14624722301959991,0.3303419351577759,0.015399866353939562,0.013416007476146607,0.8435779213905334,0.0,
realmlp,kpx_group_1,157,0.014287115567747284,0.08893145620822906,0.595934271812439,0.1308281421661377,0.322696715593338,,,,,
realmlp,kpx_group_2,157,0.013472442611065857,0.08619402348995209,0.6544691920280457,0.1463538408279419,0.4552922248840332,,,,,
realmlp,kpx_group_3,157,0.012402836849693866,0.134148508310318,0.5257386565208435,0.16155961155891418,0.21303687989711761,,,,,
realmlp,all,158,0.01293304717332563,0.10265270620584488,0.5917654633522034,0.1471155434846878,0.33064645528793335,0.014772623736301766,0.012263842433800591,0.8508703112602234,0.0,
realmlp,kpx_group_1,158,0.013731528237900314,0.08690343797206879,0.6029302477836609,0.13048291206359863,0.3363434076309204,,,,,
realmlp,kpx_group_2,158,0.01296049208544633,0.08688762784004211,0.646884560585022,0.14772163331508636,0.4414908289909363,,,,,
realmlp,kpx_group_3,158,0.012107121169238406,0.13416706025600433,0.5254815220832825,0.1631420999765396,0.21410515904426575,,,,,
realmlp,all,159,0.012357668307445505,0.10281407833099365,0.5880129933357239,0.14599022269248962,0.3220161497592926,0.014012475155622643,0.011032046688556233,0.8520899415016174,0.0,
realmlp,kpx_group_1,159,0.013197843300397782,0.09149385988712311,0.5881809592247009,0.13188186287879944,0.3082437515258789,,,,,
realmlp,kpx_group_2,159,0.01249796395902248,0.08558925986289978,0.6474648118019104,0.145208939909935,0.4401386082172394,,,,,
realmlp,kpx_group_3,159,0.011377197197254966,0.13135913014411926,0.5283931493759155,0.16087986528873444,0.2176661640405655,,,,,
realmlp,all,160,0.011962030589690103,0.10464832931756973,0.5836618542671204,0.14742647111415863,0.3147502839565277,0.013372000553371274,0.009399799458846888,0.8962647914886475,0.0,
realmlp,kpx_group_1,160,0.01274215692982954,0.09233690798282623,0.5877911448478699,0.1329652965068817,0.30854758620262146,,,,,
realmlp,kpx_group_2,160,0.012169959530343904,0.08779352903366089,0.63764488697052,0.14664465188980103,0.4219343662261963,,,,,
realmlp,kpx_group_3,160,0.010973975459551987,0.13381455838680267,0.5255497097969055,0.16266942024230957,0.2137688398361206,,,,,
realmlp,all,161,0.011510963524308275,0.10445617884397507,0.5857422947883606,0.14724327623844147,0.31872788071632385,0.012883624527603388,0.009151073843788575,0.8971748948097229,0.0,
realmlp,kpx_group_1,161,0.01219886842676822,0.09106568992137909,0.5907915830612183,0.13240483403205872,0.3139879107475281,,,,,
realmlp,kpx_group_2,161,0.011696140843388788,0.08718851208686829,0.6392143964767456,0.14612087607383728,0.4245496690273285,,,,,
realmlp,kpx_group_3,161,0.01063788087819429,0.13511431217193604,0.5272209644317627,0.1632041037082672,0.2176460176706314,,,,,
realmlp,all,162,0.010943998623748912,0.10350087285041809,0.5896508097648621,0.14654138684272766,0.32584306597709656,0.012054681312292814,0.007404551457832842,0.8895139694213867,0.0,
realmlp,kpx_group_1,162,0.011671426336226217,0.08996836841106415,0.5963221788406372,0.13157892227172852,0.3242233097553253,,,,,
realmlp,kpx_group_2,162,0.011112883960937752,0.08714966475963593,0.6411243677139282,0.14666402339935303,0.4289127588272095,,,,,
realmlp,kpx_group_3,162,0.01004768579321749,0.133384570479393,0.5315059423446655,0.16138118505477905,0.22439302504062653,,,,,
realmlp,all,163,0.010515898685244954,0.10355541110038757,0.5887711644172668,0.1471310257911682,0.3246733844280243,0.011558263014782877,0.006949094469960341,0.8996992111206055,0.0,
realmlp,kpx_group_1,163,0.011217832373564733,0.09014101326465607,0.592435359954834,0.1319618970155716,0.31683260202407837,,,,,
realmlp,kpx_group_2,163,0.01061209851382848,0.087120421230793,0.6436319351196289,0.14685513079166412,0.43411898612976074,,,,,
realmlp,kpx_group_3,163,0.009717765223125325,0.13340479135513306,0.5302462577819824,0.16257606446743011,0.22306853532791138,,,,,
realmlp,all,164,0.010131219306084164,0.10553161054849625,0.584415853023529,0.14821213483810425,0.31704384088516235,0.011064090629053466,0.006219142205629717,0.9334660172462463,0.0,
realmlp,kpx_group_1,164,0.01069755871396731,0.09379476308822632,0.5853193998336792,0.13408032059669495,0.30471912026405334,,,,,
realmlp,kpx_group_2,164,0.01035688809283516,0.08794978260993958,0.6418645977973938,0.14759865403175354,0.43132781982421875,,,,,
realmlp,kpx_group_3,164,0.009339211207321462,0.13485026359558105,0.5260635614395142,0.16295742988586426,0.21508459746837616,,,,,
realmlp,all,165,0.009681540555046761,0.1037815511226654,0.5868803858757019,0.14728647470474243,0.3210470974445343,0.010531616328722414,0.005667171167100177,0.9187741875648499,0.0,
realmlp,kpx_group_1,165,0.010294659227571067,0.09051688015460968,0.5947415828704834,0.13192099332809448,0.3214041590690613,,,,,
realmlp,kpx_group_2,165,0.009842509513392168,0.0871233195066452,0.6401779055595398,0.14686580002307892,0.4272215664386749,,,,,
realmlp,kpx_group_3,165,0.008907453163855654,0.13370443880558014,0.5257214307785034,0.1630726307630539,0.2145155519247055,,,,,
realmlp,all,166,0.009186906931812273,0.1046563982963562,0.5876453518867493,0.14747105538845062,0.3227617144584656,0.00985613651573658,0.004461530075572869,0.9549486041069031,0.0,
realmlp,kpx_group_1,166,0.00977580578011625,0.09172723442316055,0.5913004875183105,0.1322566419839859,0.3148575723171234,,,,,
realmlp,kpx_group_2,166,0.009337067631456782,0.0873071700334549,0.6451364755630493,0.1465778797864914,0.4368508756160736,,,,,
realmlp,kpx_group_3,166,0.008447847322232145,0.13493478298187256,0.5264989733695984,0.16357867419719696,0.2165766805410385,,,,,
realmlp,all,167,0.008736739140551756,0.10573434829711914,0.5825719833374023,0.14809638261795044,0.3132403790950775,0.009316881913143922,0.003867618609493708,0.9628634452819824,0.0,
realmlp,kpx_group_1,167,0.009281335124636398,0.0929286777973175,0.587411105632782,0.1334797888994217,0.3083019554615021,,,,,
realmlp,kpx_group_2,167,0.008961586185785778,0.08741278946399689,0.6382604837417603,0.14658468961715698,0.4231056272983551,,,,,
realmlp,kpx_group_3,167,0.007967296056449413,0.13686156272888184,0.5220444202423096,0.16422466933727264,0.20831355452537537,,,,,
realmlp,all,168,0.008481510668335593,0.10497484356164932,0.5845560431480408,0.147568479180336,0.31668055057525635,0.00903137875994777,0.0036657872774145182,0.9808571934700012,0.0,
realmlp,kpx_group_1,168,0.009035095271161375,0.09338488429784775,0.5870381593704224,0.13383306562900543,0.3079093396663666,,,,,
realmlp,kpx_group_2,168,0.008655457401319462,0.08690443634986877,0.6396605968475342,0.14628955721855164,0.42561081051826477,,,,,
realmlp,kpx_group_3,168,0.007753979359917781,0.13463521003723145,0.5269692540168762,0.16258284449577332,0.21652142703533173,,,,,
realmlp,all,169,0.007998948129277457,0.10513786226511002,0.5864684581756592,0.14801758527755737,0.32095441222190857,0.008449352565495408,0.003002695826580748,0.987377941608429,0.0,
realmlp,kpx_group_1,169,0.008591654409161386,0.09222327172756195,0.5909273624420166,0.13314414024353027,0.3149988353252411,,,,,
realmlp,kpx_group_2,169,0.008219772689592312,0.08739794045686722,0.6420776844024658,0.1463838368654251,0.43053919076919556,,,,,
realmlp,kpx_group_3,169,0.0071854173301664345,0.13579238951206207,0.5264002680778503,0.16452474892139435,0.21732522547245026,,,,,
realmlp,all,170,0.007609980215099366,0.1043553277850151,0.5845783352851868,0.14716607332229614,0.3163227438926697,0.008009667809614363,0.00266458437716424,1.004886269569397,0.0,
realmlp,kpx_group_1,170,0.008067185675506206,0.09202638268470764,0.5867123603820801,0.1326466053724289,0.30607134103775024,,,,,
realmlp,kpx_group_2,170,0.007822094177005483,0.08698464930057526,0.6427502632141113,0.1458836942911148,0.43138420581817627,,,,,
realmlp,kpx_group_3,170,0.006940660772242528,0.13405492901802063,0.5242723822593689,0.16296792030334473,0.2115127146244049,,,,,
realmlp,all,171,0.007273970890845007,0.10490209609270096,0.5865412354469299,0.147359237074852,0.3204416334629059,0.0075624770320513665,0.0019233746116857648,1.009390950202942,0.0,
realmlp,kpx_group_1,171,0.007785568691735321,0.09179824590682983,0.5895115733146667,0.13267067074775696,0.31169381737709045,,,,,
realmlp,kpx_group_2,171,0.007460649214301477,0.08692996203899384,0.6426727175712585,0.14611145853996277,0.43145695328712463,,,,,
realmlp,kpx_group_3,171,0.006575694780194145,0.1359780728816986,0.527439296245575,0.16329558193683624,0.21817420423030853,,,,,
realmlp,all,172,0.0069021865766605035,0.1053638830780983,0.586517870426178,0.1476162075996399,0.3206520080566406,0.007139616885551196,0.001582868621506564,1.0405302047729492,0.0,
realmlp,kpx_group_1,172,0.007357077967539868,0.09207575023174286,0.5915151834487915,0.1326257884502411,0.31565621495246887,,,,,
realmlp,kpx_group_2,172,0.007105739095576984,0.08717633038759232,0.642960250377655,0.14608921110630035,0.43200966715812683,,,,,
realmlp,kpx_group_3,172,0.006243742632624858,0.13683956861495972,0.5250781774520874,0.16413363814353943,0.2142900824546814,,,,,
realmlp,all,173,0.006563710863701999,0.10450152307748795,0.5856074690818787,0.14698581397533417,0.3182006776332855,0.006745234597474337,0.0012101579953142552,1.0510207414627075,0.0,
realmlp,kpx_group_1,173,0.006987904376514694,0.09147978574037552,0.5889773368835449,0.13236960768699646,0.3103243410587311,,,,,
realmlp,kpx_group_2,173,0.006766160183093127,0.08735764026641846,0.6414185762405396,0.1458197683095932,0.4286569058895111,,,,,
realmlp,kpx_group_3,173,0.005937067990410416,0.13466717302799225,0.526426374912262,0.16276805102825165,0.21562078595161438,,,,,
realmlp,all,174,0.00623677356634289,0.10419977456331253,0.5873639583587646,0.1470775604248047,0.32180550694465637,0.006396925001514747,0.0010676763297798222,1.0682047605514526,0.0,
realmlp,kpx_group_1,174,0.006651152007500915,0.09156578779220581,0.5913336873054504,0.13245975971221924,0.31512710452079773,,,,,
realmlp,kpx_group_2,174,0.006429000565891757,0.08711075782775879,0.6426886320114136,0.14606063067913055,0.4314379394054413,,,,,
realmlp,kpx_group_3,174,0.005630167947589036,0.1339227855205536,0.5280695557594299,0.16271230578422546,0.2188514620065689,,,,,
realmlp,all,175,0.00591781284139656,0.1062755212187767,0.5833430886268616,0.14810913801193237,0.31479522585868835,0.006063005010433057,0.0009679479917394929,1.0605159997940063,0.0,
realmlp,kpx_group_1,175,0.006290953476255869,0.09393079578876495,0.5836939811706543,0.13406455516815186,0.30145248770713806,,,,,
realmlp,kpx_group_2,175,0.006145163822699995,0.08799228072166443,0.6392717361450195,0.1466461718082428,0.4251895844936371,,,,,
realmlp,kpx_group_3,175,0.005317321190994014,0.13690346479415894,0.5270634889602661,0.16361668705940247,0.2177436649799347,,,,,
realmlp,all,176,0.005583781297044719,0.10586678981781006,0.5832757949829102,0.1480666548013687,0.3146182894706726,0.005685495445504785,0.0006780951336943818,1.0880123376846313,0.0,
realmlp,kpx_group_1,176,0.005961745265213882,0.09346027672290802,0.5837972164154053,0.1336788833141327,0.30127331614494324,,,,,
realmlp,kpx_group_2,176,0.005808590815457351,0.0877823531627655,0.6384835839271545,0.14665943384170532,0.4236266016960144,,,,,
realmlp,kpx_group_3,176,0.004981007529696559,0.13635775446891785,0.5275467038154602,0.16386163234710693,0.21895503997802734,,,,,
realmlp,all,177,0.005323068964678575,0.10668133944272995,0.5803595185279846,0.1485176682472229,0.3092367947101593,0.005396491574013934,0.0004894837815406979,1.0966449975967407,0.0,
realmlp,kpx_group_1,177,0.0056696078014176554,0.0942651629447937,0.582143247127533,0.13427814841270447,0.2985646724700928,,,,,
realmlp,kpx_group_2,177,0.005542630446143448,0.0877770185470581,0.6381549835205078,0.1463489830493927,0.4226589500904083,,,,,
realmlp,kpx_group_3,177,0.0047569686122348204,0.13800182938575745,0.5207805037498474,0.16492587327957153,0.20648692548274994,,,,,
realmlp,all,178,0.005067284629844567,0.10587770491838455,0.5838562846183777,0.14811162650585175,0.3158241808414459,0.005124084206352777,0.000378663792670362,1.1004916429519653,0.0,
realmlp,kpx_group_1,178,0.005393326597507386,0.09306511282920837,0.5873774290084839,0.13341249525547028,0.3081672787666321,,,,,
realmlp,kpx_group_2,178,0.005284790648147464,0.08757944405078888,0.6399036645889282,0.14655810594558716,0.4263654351234436,,,,,
realmlp,kpx_group_3,178,0.004523736534311491,0.1369885504245758,0.5242877006530762,0.1643643081188202,0.21293975412845612,,,,,
realmlp,all,179,0.004767492324497332,0.10496725887060165,0.5859717130661011,0.1476619392633438,0.31960535049438477,0.004813091603436452,0.00030399508999407235,1.118449091911316,0.0,
realmlp,kpx_group_1,179,0.005095182404415134,0.09282445162534714,0.5896945595741272,0.13314160704612732,0.3125307857990265,,,,,
realmlp,kpx_group_2,179,0.004986444221097319,0.08741100132465363,0.6401573419570923,0.1464439183473587,0.42675864696502686,,,,,
realmlp,kpx_group_3,179,0.004220850156236659,0.134666308760643,0.528063178062439,0.1634003221988678,0.21952661871910095,,,,,
realmlp,all,180,0.004512656219851445,0.10578762739896774,0.582289457321167,0.14793787896633148,0.3125167191028595,0.00454781370182686,0.00023438325457819328,1.1288704872131348,0.0,
realmlp,kpx_group_1,180,0.004813977318596752,0.0934688150882721,0.5839234590530396,0.1336200088262558,0.3014669120311737,,,,,
realmlp,kpx_group_2,180,0.004738004665876574,0.0874176025390625,0.6390814781188965,0.14610309898853302,0.4242660403251648,,,,,
realmlp,kpx_group_3,180,0.003985986753832549,0.13647644221782684,0.5238633155822754,0.16409055888652802,0.21181721985340118,,,,,
realmlp,all,181,0.004252981346593622,0.10622420161962509,0.5828658938407898,0.1480358988046646,0.3137677013874054,0.004284126875812516,0.0002076369862205705,1.1428290605545044,0.0,
realmlp,kpx_group_1,181,0.004548862884642885,0.09326782077550888,0.5846779942512512,0.13341768085956573,0.30277368426322937,,,,,
realmlp,kpx_group_2,181,0.004471913390957257,0.08755885064601898,0.6390380263328552,0.14610415697097778,0.4241802394390106,,,,,
realmlp,kpx_group_3,181,0.003738167788148584,0.13784590363502502,0.5248817205429077,0.16458581387996674,0.21434921026229858,,,,,
realmlp,all,182,0.003995766517404905,0.10623079538345337,0.5831783413887024,0.1481236219406128,0.31448036432266235,0.004023047824910677,0.00018187527476744864,1.149099349975586,0.0,
realmlp,kpx_group_1,182,0.004296565305112916,0.09308448433876038,0.5864715576171875,0.1332685798406601,0.3062116801738739,,,,,
realmlp,kpx_group_2,182,0.004196102148853242,0.08781687915325165,0.6385358572006226,0.14628471434116364,0.42335644364356995,,,,,
realmlp,kpx_group_3,182,0.0034946320571607966,0.13779103755950928,0.5245276689529419,0.16481758654117584,0.21387295424938202,,,,,
realmlp,all,183,0.0037710194558124334,0.10573112219572067,0.58511883020401,0.14790470898151398,0.3181423246860504,0.0037932631265207685,0.00014829099093142706,1.1587406396865845,0.0,
realmlp,kpx_group_1,183,0.004059457449543783,0.09320375323295593,0.5876426696777344,0.13344240188598633,0.3087276816368103,,,,,
realmlp,kpx_group_2,183,0.003994961313711589,0.0876627266407013,0.6406948566436768,0.14623306691646576,0.4276227355003357,,,,,
realmlp,kpx_group_3,183,0.0032586396486936685,0.1363268792629242,0.5270189642906189,0.16403865814208984,0.21807660162448883,,,,,
realmlp,all,184,0.003532491542179795,0.10635480284690857,0.5821053981781006,0.1482795625925064,0.3124903738498688,0.00354915892582058,0.00011111570700664101,1.173450231552124,0.0,
realmlp,kpx_group_1,184,0.0038185122950166904,0.0940815880894661,0.5838553309440613,0.134050190448761,0.30176082253456116,,,,,
realmlp,kpx_group_2,184,0.0037443728069774806,0.08794201910495758,0.6373515129089355,0.14637435972690582,0.42107731103897095,,,,,
realmlp,kpx_group_3,184,0.0030345895861768547,0.13704079389572144,0.5251094698905945,0.1644141525030136,0.21463309228420258,,,,,
realmlp,all,185,0.003329886226257419,0.10639756917953491,0.5824899673461914,0.14834697544574738,0.3133268654346466,0.003344133749659009,9.498366585723809e-05,1.176438331604004,0.0,
realmlp,kpx_group_1,185,0.003611227702897261,0.09393446147441864,0.5855758190155029,0.1338377296924591,0.30498936772346497,,,,,
realmlp,kpx_group_2,185,0.0035624453037812866,0.08796426653862,0.6384007930755615,0.14651788771152496,0.42331942915916443,,,,,
realmlp,kpx_group_3,185,0.0028159856070380878,0.1372939497232437,0.523493230342865,0.16468530893325806,0.21167179942131042,,,,,
realmlp,all,186,0.003117305921691963,0.10613220930099487,0.5835536122322083,0.14823681116104126,0.3153440058231354,0.0031365988954134725,0.00012861958850193974,1.1837867498397827,0.0,
realmlp,kpx_group_1,186,0.003392621217405095,0.09341603517532349,0.5883660316467285,0.13361100852489471,0.31034302711486816,,,,,
realmlp,kpx_group_2,186,0.0033536631894736167,0.0879351943731308,0.6383041739463806,0.14641056954860687,0.4230189323425293,,,,,
realmlp,kpx_group_3,186,0.0026056334232527983,0.13704538345336914,0.5239906311035156,0.1646888703107834,0.21267008781433105,,,,,
realmlp,all,187,0.0029087643351351075,0.10638964176177979,0.5832319855690002,0.14821504056453705,0.3146790862083435,0.002920624625403434,7.906854861015316e-05,1.1936713457107544,0.0,
realmlp,kpx_group_1,187,0.0031924112494487096,0.09418018162250519,0.5850800275802612,0.13397657871246338,0.3041366934776306,,,,,
realmlp,kpx_group_2,187,0.0031608198187313974,0.08779856562614441,0.6378960609436035,0.1462729126214981,0.42206501960754395,,,,,
realmlp,kpx_group_3,187,0.0023730620091287967,0.13719017803668976,0.5267199873924255,0.16439561545848846,0.21783559024333954,,,,,
realmlp,all,188,0.002711589725496357,0.10638388991355896,0.5831645131111145,0.14839895069599152,0.31472790241241455,0.0027223491034580067,7.17292963706902e-05,1.198550820350647,0.0,
realmlp,kpx_group_1,188,0.002977811638950644,0.09400962293148041,0.5857951045036316,0.1339578926563263,0.3055481016635895,,,,,
realmlp,kpx_group_2,188,0.0029615404132260557,0.08790861070156097,0.6384861469268799,0.14646899700164795,0.4234412610530853,,,,,
realmlp,kpx_group_3,188,0.0021954170832246102,0.1372334361076355,0.5252121686935425,0.1647699475288391,0.21519434452056885,,,,,
realmlp,all,189,0.0025293815518071983,0.10630784183740616,0.5834727883338928,0.14831767976284027,0.3152632713317871,0.002540335476891521,7.302607114337768e-05,1.205450177192688,0.0,
realmlp,kpx_group_1,189,0.0028035728849799316,0.09361159056425095,0.5875265598297119,0.13376875221729279,0.3088218867778778,,,,,
realmlp,kpx_group_2,189,0.0027894206646391574,0.08780094236135483,0.6380311250686646,0.14628997445106506,0.4223521947860718,,,,,
realmlp,kpx_group_3,189,0.001995151158874197,0.1375110000371933,0.5248607397079468,0.16489428281784058,0.21461579203605652,,,,,
realmlp,all,190,0.0023551403839305483,0.10640311986207962,0.5823662877082825,0.1483253389596939,0.31305792927742004,0.0023652019924210277,6.707728104682995e-05,1.2076104879379272,0.0,
realmlp,kpx_group_1,190,0.002621423305861433,0.09376919269561768,0.5857968926429749,0.1338455229997635,0.3054392635822296,,,,,
realmlp,kpx_group_2,190,0.002628010502495967,0.08786462247371674,0.6368663311004639,0.14637869596481323,0.4201113283634186,,,,,
realmlp,kpx_group_3,190,0.001815987312618424,0.13757556676864624,0.5244356989860535,0.16475176811218262,0.21362318098545074,,,,,
realmlp,all,191,0.002192843280842199,0.10629776120185852,0.5829472541809082,0.1483120322227478,0.31420648097991943,0.0022022649371886954,6.281112500266103e-05,1.2141673564910889,0.0,
realmlp,kpx_group_1,191,0.0024575528120348122,0.09388455748558044,0.5859516859054565,0.1339365392923355,0.305839866399765,,,,,
realmlp,kpx_group_2,191,0.0024906423572889145,0.08790001273155212,0.6375463604927063,0.1464308798313141,0.4215235710144043,,,,,
realmlp,kpx_group_3,191,0.0016303346475230202,0.137108713388443,0.5253437161445618,0.164568692445755,0.21525608003139496,,,,,
realmlp,all,192,0.0020433793731225547,0.10639446973800659,0.5831904411315918,0.1484168916940689,0.3147977888584137,0.0020503435773528457,4.64279976714512e-05,1.2179538011550903,0.0,
realmlp,kpx_group_1,192,0.0023152073845267296,0.09400355815887451,0.5851290225982666,0.13398395478725433,0.3042420446872711,,,,,
realmlp,kpx_group_2,192,0.002334483015789267,0.08790627121925354,0.638950765132904,0.14649389684200287,0.42439544200897217,,,,,
realmlp,kpx_group_3,192,0.0014804477002197767,0.13727357983589172,0.52549147605896,0.16477283835411072,0.2157558798789978,,,,,
realmlp,all,193,0.0019044009112643406,0.10643362998962402,0.5836929678916931,0.14839108288288116,0.3157770335674286,0.0019108218770912465,4.2806361494406115e-05,1.2210456132888794,0.0,
realmlp,kpx_group_1,193,0.002178083550568451,0.09390328079462051,0.5875819325447083,0.13394175469875336,0.30910560488700867,,,,,
realmlp,kpx_group_2,193,0.002208527211812051,0.08792545646429062,0.6384738683700562,0.14637506008148193,0.42332276701927185,,,,,
realmlp,kpx_group_3,193,0.0013265920535880415,0.13747213780879974,0.5250231623649597,0.16485640406608582,0.21490275859832764,,,,,
realmlp,all,194,0.0017740184745943064,0.10643430799245834,0.5833418965339661,0.14838998019695282,0.31507375836372375,0.0017800275989643792,4.006061868387726e-05,1.225152611732483,0.0,
realmlp,kpx_group_1,194,0.0020488130325889762,0.09389875084161758,0.5862946510314941,0.13392986357212067,0.306519091129303,,,,,
realmlp,kpx_group_2,194,0.002087427628473105,0.08791535347700119,0.6383627653121948,0.14637915790081024,0.4231046736240387,,,,,
realmlp,kpx_group_3,194,0.0011858147747047683,0.13748878240585327,0.525368332862854,0.16486091911792755,0.21559755504131317,,,,,
realmlp,all,195,0.0016606163562220685,0.10644813627004623,0.583171546459198,0.14842438697814941,0.3147675096988678,0.001666594880482401,3.985670644076034e-05,1.2267292737960815,0.0,
realmlp,kpx_group_1,195,0.0019332485030377831,0.09397672116756439,0.5855432748794556,0.13399460911750793,0.30508118867874146,,,,,
realmlp,kpx_group_2,195,0.001996230719241259,0.08793942630290985,0.6382297873497009,0.14645911753177643,0.4229186773300171,,,,,
realmlp,kpx_group_3,195,0.0010523698840509443,0.13742825388908386,0.5257416367530823,0.16481943428516388,0.21630266308784485,,,,,
realmlp,all,196,0.001562778016223627,0.10644086450338364,0.5833327174186707,0.14840853214263916,0.31507399678230286,0.001568203213323346,3.616796774461845e-05,1.2281343936920166,0.0,
realmlp,kpx_group_1,196,0.0018364836098900175,0.09397460520267487,0.5862700939178467,0.13396234810352325,0.30650249123573303,,,,,
realmlp,kpx_group_2,196,0.0019062555716920864,0.0879414826631546,0.6379898190498352,0.1464371383190155,0.4224167764186859,,,,,
realmlp,kpx_group_3,196,0.0009455948636647971,0.13740648329257965,0.5257382988929749,0.16482611000537872,0.21630266308784485,,,,,
realmlp,all,197,0.0014844750711584791,0.1064533069729805,0.5833918452262878,0.14842261373996735,0.3152063190937042,0.0014896863499683712,3.4741859187360044e-05,1.2298537492752075,0.0,
realmlp,kpx_group_1,197,0.0017630265364834271,0.0938822403550148,0.5866970419883728,0.13392552733421326,0.30731961131095886,,,,,
realmlp,kpx_group_2,197,0.0018407809941837674,0.0879480242729187,0.6381235122680664,0.1464547961950302,0.42270180583000183,,,,,
realmlp,kpx_group_3,197,0.000849617675104288,0.1375296711921692,0.5253549814224243,0.16488753259181976,0.21559755504131317,,,,,
realmlp,all,198,0.0014219460529549157,0.10647068172693253,0.5832288265228271,0.14842179417610168,0.31487947702407837,0.0014270945565145025,3.432347725987818e-05,1.2305067777633667,0.0,
realmlp,kpx_group_1,198,0.0017015231595210293,0.09395825862884521,0.5860595703125,0.13396808505058289,0.3060871958732605,,,,,
realmlp,kpx_group_2,198,0.0017877177280538222,0.08795930445194244,0.6379070281982422,0.146434485912323,0.42224857211112976,,,,,
realmlp,kpx_group_3,198,0.0007765972438980551,0.1374945044517517,0.5257198810577393,0.16486284136772156,0.21630266308784485,,,,,
realmlp,all,199,0.0013796650712131796,0.10644086450338364,0.5836270451545715,0.14840815961360931,0.3156622350215912,0.0013847561101155246,3.39403805168438e-05,1.2307206392288208,0.0,
realmlp,kpx_group_1,199,0.001661574495408465,0.09390715509653091,0.587600588798523,0.1339394748210907,0.3091406524181366,,,,,
realmlp,kpx_group_2,199,0.0017524018715930117,0.08795425295829773,0.6379045844078064,0.14643937349319458,0.42224857211112976,,,,,
realmlp,kpx_group_3,199,0.0007250187909983866,0.13746117055416107,0.5253759622573853,0.16484566032886505,0.21559755504131317,,,,,
realmlp,all,200,0.0013586940579390263,0.10644686967134476,0.5834629535675049,0.1484099179506302,0.3153358995914459,0.0013637654500438228,3.380923180884565e-05,1.2307466268539429,0.0,
realmlp,kpx_group_1,200,0.001642878747695838,0.09392155706882477,0.587107241153717,0.13394710421562195,0.3081616163253784,,,,,
realmlp,kpx_group_2,200,0.0017350993208203685,0.08795831352472305,0.6379054188728333,0.14643774926662445,0.42224857211112976,,,,,
realmlp,kpx_group_3,200,0.0006981041498126133,0.13746073842048645,0.5253763198852539,0.16484491527080536,0.21559755504131317,,,,,
